40,20,10

3333333333333333333333333333333333333333
3        5                             3
3         5                            3
3                                      3
3                                      3
3                                      3
3                                      3
3                                      3
3                                      3
3                                      3
                                       3
3                                      3
3        3       3 3333333333333333333 3
3        3       3 3                 3 3
         3       3 3                 3 3
         333333  3 3                 3 3
3        3       3 3     3333333333333 3
3        3  333333 3                   3
34       3         3                   3
3333333333333333333333333333333333333333

3333333333333333333333333333333333333333
3        5                             3
3         5                            3
3          5                           3
3           5                          3
3            5                         3
3                                      3
3                                      3
3                                      3
3                                      3
                                       3
3                                      3
3        3       3 3333333333333333333 3
3        3       3 3                 3 3
         3       3 3                 3 3
         333333  3 3                 3 3
3        3       3 3     3333333333333 3
3        3  333333 3                   3
34       3         3                   3
3333333333333333333333333333333333333333

3333333333333333333333333333333333333333
3        5555555555555555555555555555553
3         555555555555555555555555555553
3          55555555555555555555555555553
3           5555555555555555555555555553
3            555555555555555555555555553
3                                      3
3                                      3
3                                      3
3                                      3
                                       3
3                                      3
3333333333333333333333333333333333333333
3333333333333333333333333333333333333333
3333333333333333333333333333333333333333
3333333333333333333333333333333333333333
3333333333333333333333333333333333333333
3333333333333333333333333333333333333333
3333333333333333333333333333333333333333
3333333333333333333333333333333333333333

3333333333333333333333333333333333333333
3                                      3
3                                      3
3                                      3
3                                      3
3                                      3
3                                      3
3                                      3
3                                      3
3                                      3
3333333333333333333333333333333333333333
3                3 333333333333333333333
3        3       3 333333333333333333333
3        3       3 333333333333333333333
         3       3 333333333333333333333
         333333  3 333333333333333333333
3        3       3 333333333333333333333
3        3  333333 333333333333333333333
34       3         333333333333333333333
3333333333333333333333333333333333333333

3333333333333333333333333333333333333333
3                                      3
3                                      3
3                                      3
3                                      3
3                                      3
3                                      3
3                                      3
3                                      3
3                                      3
3333333333333333333333333333333333333333
3                3 333333333333333333333
3        3       3 333333333333333333333
3        3       3 333333333333333333333
         3       3 333333333333333333333
         333333  3 333333333333333333333
3        3       3 333333333333333333333
3        3  333333 333333333333333333333
34       3         333333333333333333333
3333333333333333333333333333333333333333

3333333333333333333333333333333333333333
3                                      3
3                                      3
3                                      3
3                                      3
3                                      3
3                                      3
3                                      3
3                                      3
3                                      3
3333333333333333333333333333333333333333
3                3 333333333333333333333
3        3       3 333333333333333333333
3        3       3 333333333333333333333
         3       3 333333333333333333333
         333333  3 333333333333333333333
3        3       3 333333333333333333333
3        3  333333 333333333333333333333
34       3         333333333333333333333
3333333333333333333333333333333333333333

3333333333333333333333333333333333333333
3                                      3
3                                      3
3                                      3
3                                      3
3                                      3
3                                      3
3                                      3
3                                      3
3                                      3
3333333333333333333333333333333333333333
3                3 333333333333333333333
3        3       3 333333333333333333333
3        3       3 333333333333333333333
         3       3 333333333333333333333
         333333  3 333333333333333333333
3        3       3 333333333333333333333
3        3  333333 333333333333333333333
34       3         333333333333333333333
3333333333333333333333333333333333333333

3333333333333333333333333333333333333333
3                                      3
3                                      3
3                                      3
3                                      3
3                                      3
3                                      3
3                                      3
3                                      3
3                                      3
3333333333333333333333333333333333333333
3                3 333333333333333333333
3        3       3 333333333333333333333
3        3       3 333333333333333333333
         3       3 333333333333333333333
         333333  3 333333333333333333333
3        3       3 333333333333333333333
3        3  333333 333333333333333333333
34       3         333333333333333333333
3333333333333333333333333333333333333333

3333333333333333333333333333333333333333
3                                      3
3                                      3
3                                      3
3                                      3
3                                      3
3                                      3
3                                      3
3                                      3
3                                      3
3333333333333333333333333333333333333333
3                3 333333333333333333333
3        3       3 333333333333333333333
3        3       3 333333333333333333333
         3       3 333333333333333333333
         333333  3 333333333333333333333
3        3       3 333333333333333333333
3        3  333333 333333333333333333333
34       3         333333333333333333333
3333333333333333333333333333333333333333

3333333333333333333333333333333333333333
3333333333333333333333333333333333333333
3333333333333333333333333333333333333333
3333333333333333333333333333333333333333
3333333333333333333333333333333333333333
3333333333333333333333333333333333333333
3333333333333333333333333333333333333333
3333333333333333333333333333333333333333
3333333333333333333333333333333333333333
3333333333333333333333333333333333333333
3333333333333333333333333333333333333333
3333333333333333333333333333333333333333
3333333333333333333333333333333333333333
3333333333333333333333333333333333333333
3333333333333333333333333333333333333333
3333333333333333333333333333333333333333
3333333333333333333333333333333333333333
3333333333333333333333333333333333333333
3333333333333333333333333333333333333333
3333333333333333333333333333333333333333

