Parsing
Validating
Quadrating
1 1 2 0.0 0.0
2 1 2 1.0 0.0
2 1 1 1.0 1.0

1 1 2 0.0 0.0
2 1 1 1.0 1.0
1 1 1 0.0 1.0

2 1 2 0.0 0.0
3 1 2 1.0 0.0
3 1 1 1.0 1.0

2 1 2 0.0 0.0
3 1 1 1.0 1.0
2 1 1 0.0 1.0

3 1 2 0.0 0.0
4 1 2 1.0 0.0
4 1 1 1.0 1.0

3 1 2 0.0 0.0
4 1 1 1.0 1.0
3 1 1 0.0 1.0

4 1 2 0.0 0.0
5 1 2 1.0 0.0
5 1 1 1.0 1.0

4 1 2 0.0 0.0
5 1 1 1.0 1.0
4 1 1 0.0 1.0

5 1 2 0.0 0.0
6 1 2 1.0 0.0
6 1 1 1.0 1.0

5 1 2 0.0 0.0
6 1 1 1.0 1.0
5 1 1 0.0 1.0

6 1 2 0.0 0.0
7 1 2 1.0 0.0
7 1 1 1.0 1.0

6 1 2 0.0 0.0
7 1 1 1.0 1.0
6 1 1 0.0 1.0

7 1 2 0.0 0.0
8 1 2 1.0 0.0
8 1 1 1.0 1.0

7 1 2 0.0 0.0
8 1 1 1.0 1.0
7 1 1 0.0 1.0

8 1 2 0.0 0.0
9 1 2 1.0 0.0
9 1 1 1.0 1.0

8 1 2 0.0 0.0
9 1 1 1.0 1.0
8 1 1 0.0 1.0

9 1 2 0.0 0.0
10 1 2 1.0 0.0
10 1 1 1.0 1.0

9 1 2 0.0 0.0
10 1 1 1.0 1.0
9 1 1 0.0 1.0

10 1 2 0.0 0.0
11 1 2 1.0 0.0
11 1 1 1.0 1.0

10 1 2 0.0 0.0
11 1 1 1.0 1.0
10 1 1 0.0 1.0

11 1 2 0.0 0.0
12 1 2 1.0 0.0
12 1 1 1.0 1.0

11 1 2 0.0 0.0
12 1 1 1.0 1.0
11 1 1 0.0 1.0

12 1 2 0.0 0.0
13 1 2 1.0 0.0
13 1 1 1.0 1.0

12 1 2 0.0 0.0
13 1 1 1.0 1.0
12 1 1 0.0 1.0

13 1 2 0.0 0.0
14 1 2 1.0 0.0
14 1 1 1.0 1.0

13 1 2 0.0 0.0
14 1 1 1.0 1.0
13 1 1 0.0 1.0

14 1 2 0.0 0.0
15 1 2 1.0 0.0
15 1 1 1.0 1.0

14 1 2 0.0 0.0
15 1 1 1.0 1.0
14 1 1 0.0 1.0

15 1 2 0.0 0.0
16 1 2 1.0 0.0
16 1 1 1.0 1.0

15 1 2 0.0 0.0
16 1 1 1.0 1.0
15 1 1 0.0 1.0

16 1 2 0.0 0.0
17 1 2 1.0 0.0
17 1 1 1.0 1.0

16 1 2 0.0 0.0
17 1 1 1.0 1.0
16 1 1 0.0 1.0

18 1 2 0.0 0.0
19 1 2 1.0 0.0
19 1 1 1.0 1.0

18 1 2 0.0 0.0
19 1 1 1.0 1.0
18 1 1 0.0 1.0

1 1 3 0.0 0.0
2 1 3 1.0 0.0
2 1 2 1.0 1.0

1 1 3 0.0 0.0
2 1 2 1.0 1.0
1 1 2 0.0 1.0

2 1 3 0.0 0.0
3 1 3 1.0 0.0
3 1 2 1.0 1.0

2 1 3 0.0 0.0
3 1 2 1.0 1.0
2 1 2 0.0 1.0

3 1 3 0.0 0.0
4 1 3 1.0 0.0
4 1 2 1.0 1.0

3 1 3 0.0 0.0
4 1 2 1.0 1.0
3 1 2 0.0 1.0

4 1 3 0.0 0.0
5 1 3 1.0 0.0
5 1 2 1.0 1.0

4 1 3 0.0 0.0
5 1 2 1.0 1.0
4 1 2 0.0 1.0

5 1 3 0.0 0.0
6 1 3 1.0 0.0
6 1 2 1.0 1.0

5 1 3 0.0 0.0
6 1 2 1.0 1.0
5 1 2 0.0 1.0

6 1 3 0.0 0.0
7 1 3 1.0 0.0
7 1 2 1.0 1.0

6 1 3 0.0 0.0
7 1 2 1.0 1.0
6 1 2 0.0 1.0

7 1 3 0.0 0.0
8 1 3 1.0 0.0
8 1 2 1.0 1.0

7 1 3 0.0 0.0
8 1 2 1.0 1.0
7 1 2 0.0 1.0

8 1 3 0.0 0.0
9 1 3 1.0 0.0
9 1 2 1.0 1.0

8 1 3 0.0 0.0
9 1 2 1.0 1.0
8 1 2 0.0 1.0

10 1 3 0.0 0.0
11 1 3 1.0 0.0
11 1 2 1.0 1.0

10 1 3 0.0 0.0
11 1 2 1.0 1.0
10 1 2 0.0 1.0

11 1 3 0.0 0.0
12 1 3 1.0 0.0
12 1 2 1.0 1.0

11 1 3 0.0 0.0
12 1 2 1.0 1.0
11 1 2 0.0 1.0

12 1 3 0.0 0.0
13 1 3 1.0 0.0
13 1 2 1.0 1.0

12 1 3 0.0 0.0
13 1 2 1.0 1.0
12 1 2 0.0 1.0

13 1 3 0.0 0.0
14 1 3 1.0 0.0
14 1 2 1.0 1.0

13 1 3 0.0 0.0
14 1 2 1.0 1.0
13 1 2 0.0 1.0

14 1 3 0.0 0.0
15 1 3 1.0 0.0
15 1 2 1.0 1.0

14 1 3 0.0 0.0
15 1 2 1.0 1.0
14 1 2 0.0 1.0

15 1 3 0.0 0.0
16 1 3 1.0 0.0
16 1 2 1.0 1.0

15 1 3 0.0 0.0
16 1 2 1.0 1.0
15 1 2 0.0 1.0

16 1 3 0.0 0.0
17 1 3 1.0 0.0
17 1 2 1.0 1.0

16 1 3 0.0 0.0
17 1 2 1.0 1.0
16 1 2 0.0 1.0

18 1 3 0.0 0.0
19 1 3 1.0 0.0
19 1 2 1.0 1.0

18 1 3 0.0 0.0
19 1 2 1.0 1.0
18 1 2 0.0 1.0

1 1 4 0.0 0.0
2 1 4 1.0 0.0
2 1 3 1.0 1.0

1 1 4 0.0 0.0
2 1 3 1.0 1.0
1 1 3 0.0 1.0

2 1 4 0.0 0.0
3 1 4 1.0 0.0
3 1 3 1.0 1.0

2 1 4 0.0 0.0
3 1 3 1.0 1.0
2 1 3 0.0 1.0

3 1 4 0.0 0.0
4 1 4 1.0 0.0
4 1 3 1.0 1.0

3 1 4 0.0 0.0
4 1 3 1.0 1.0
3 1 3 0.0 1.0

4 1 4 0.0 0.0
5 1 4 1.0 0.0
5 1 3 1.0 1.0

4 1 4 0.0 0.0
5 1 3 1.0 1.0
4 1 3 0.0 1.0

5 1 4 0.0 0.0
6 1 4 1.0 0.0
6 1 3 1.0 1.0

5 1 4 0.0 0.0
6 1 3 1.0 1.0
5 1 3 0.0 1.0

6 1 4 0.0 0.0
7 1 4 1.0 0.0
7 1 3 1.0 1.0

6 1 4 0.0 0.0
7 1 3 1.0 1.0
6 1 3 0.0 1.0

7 1 4 0.0 0.0
8 1 4 1.0 0.0
8 1 3 1.0 1.0

7 1 4 0.0 0.0
8 1 3 1.0 1.0
7 1 3 0.0 1.0

8 1 4 0.0 0.0
9 1 4 1.0 0.0
9 1 3 1.0 1.0

8 1 4 0.0 0.0
9 1 3 1.0 1.0
8 1 3 0.0 1.0

10 1 4 0.0 0.0
11 1 4 1.0 0.0
11 1 3 1.0 1.0

10 1 4 0.0 0.0
11 1 3 1.0 1.0
10 1 3 0.0 1.0

11 1 4 0.0 0.0
12 1 4 1.0 0.0
12 1 3 1.0 1.0

11 1 4 0.0 0.0
12 1 3 1.0 1.0
11 1 3 0.0 1.0

12 1 4 0.0 0.0
13 1 4 1.0 0.0
13 1 3 1.0 1.0

12 1 4 0.0 0.0
13 1 3 1.0 1.0
12 1 3 0.0 1.0

13 1 4 0.0 0.0
14 1 4 1.0 0.0
14 1 3 1.0 1.0

13 1 4 0.0 0.0
14 1 3 1.0 1.0
13 1 3 0.0 1.0

14 1 4 0.0 0.0
15 1 4 1.0 0.0
15 1 3 1.0 1.0

14 1 4 0.0 0.0
15 1 3 1.0 1.0
14 1 3 0.0 1.0

15 1 4 0.0 0.0
16 1 4 1.0 0.0
16 1 3 1.0 1.0

15 1 4 0.0 0.0
16 1 3 1.0 1.0
15 1 3 0.0 1.0

16 1 4 0.0 0.0
17 1 4 1.0 0.0
17 1 3 1.0 1.0

16 1 4 0.0 0.0
17 1 3 1.0 1.0
16 1 3 0.0 1.0

18 1 4 0.0 0.0
19 1 4 1.0 0.0
19 1 3 1.0 1.0

18 1 4 0.0 0.0
19 1 3 1.0 1.0
18 1 3 0.0 1.0

0 1 5 0.0 0.0
1 1 5 1.0 0.0
1 1 4 1.0 1.0

0 1 5 0.0 0.0
1 1 4 1.0 1.0
0 1 4 0.0 1.0

1 1 5 0.0 0.0
2 1 5 1.0 0.0
2 1 4 1.0 1.0

1 1 5 0.0 0.0
2 1 4 1.0 1.0
1 1 4 0.0 1.0

2 1 5 0.0 0.0
3 1 5 1.0 0.0
3 1 4 1.0 1.0

2 1 5 0.0 0.0
3 1 4 1.0 1.0
2 1 4 0.0 1.0

3 1 5 0.0 0.0
4 1 5 1.0 0.0
4 1 4 1.0 1.0

3 1 5 0.0 0.0
4 1 4 1.0 1.0
3 1 4 0.0 1.0

4 1 5 0.0 0.0
5 1 5 1.0 0.0
5 1 4 1.0 1.0

4 1 5 0.0 0.0
5 1 4 1.0 1.0
4 1 4 0.0 1.0

5 1 5 0.0 0.0
6 1 5 1.0 0.0
6 1 4 1.0 1.0

5 1 5 0.0 0.0
6 1 4 1.0 1.0
5 1 4 0.0 1.0

6 1 5 0.0 0.0
7 1 5 1.0 0.0
7 1 4 1.0 1.0

6 1 5 0.0 0.0
7 1 4 1.0 1.0
6 1 4 0.0 1.0

7 1 5 0.0 0.0
8 1 5 1.0 0.0
8 1 4 1.0 1.0

7 1 5 0.0 0.0
8 1 4 1.0 1.0
7 1 4 0.0 1.0

8 1 5 0.0 0.0
9 1 5 1.0 0.0
9 1 4 1.0 1.0

8 1 5 0.0 0.0
9 1 4 1.0 1.0
8 1 4 0.0 1.0

10 1 5 0.0 0.0
11 1 5 1.0 0.0
11 1 4 1.0 1.0

10 1 5 0.0 0.0
11 1 4 1.0 1.0
10 1 4 0.0 1.0

11 1 5 0.0 0.0
12 1 5 1.0 0.0
12 1 4 1.0 1.0

11 1 5 0.0 0.0
12 1 4 1.0 1.0
11 1 4 0.0 1.0

12 1 5 0.0 0.0
13 1 5 1.0 0.0
13 1 4 1.0 1.0

12 1 5 0.0 0.0
13 1 4 1.0 1.0
12 1 4 0.0 1.0

13 1 5 0.0 0.0
14 1 5 1.0 0.0
14 1 4 1.0 1.0

13 1 5 0.0 0.0
14 1 4 1.0 1.0
13 1 4 0.0 1.0

14 1 5 0.0 0.0
15 1 5 1.0 0.0
15 1 4 1.0 1.0

14 1 5 0.0 0.0
15 1 4 1.0 1.0
14 1 4 0.0 1.0

15 1 5 0.0 0.0
16 1 5 1.0 0.0
16 1 4 1.0 1.0

15 1 5 0.0 0.0
16 1 4 1.0 1.0
15 1 4 0.0 1.0

16 1 5 0.0 0.0
17 1 5 1.0 0.0
17 1 4 1.0 1.0

16 1 5 0.0 0.0
17 1 4 1.0 1.0
16 1 4 0.0 1.0

18 1 5 0.0 0.0
19 1 5 1.0 0.0
19 1 4 1.0 1.0

18 1 5 0.0 0.0
19 1 4 1.0 1.0
18 1 4 0.0 1.0

0 1 6 0.0 0.0
1 1 6 1.0 0.0
1 1 5 1.0 1.0

0 1 6 0.0 0.0
1 1 5 1.0 1.0
0 1 5 0.0 1.0

1 1 6 0.0 0.0
2 1 6 1.0 0.0
2 1 5 1.0 1.0

1 1 6 0.0 0.0
2 1 5 1.0 1.0
1 1 5 0.0 1.0

2 1 6 0.0 0.0
3 1 6 1.0 0.0
3 1 5 1.0 1.0

2 1 6 0.0 0.0
3 1 5 1.0 1.0
2 1 5 0.0 1.0

3 1 6 0.0 0.0
4 1 6 1.0 0.0
4 1 5 1.0 1.0

3 1 6 0.0 0.0
4 1 5 1.0 1.0
3 1 5 0.0 1.0

4 1 6 0.0 0.0
5 1 6 1.0 0.0
5 1 5 1.0 1.0

4 1 6 0.0 0.0
5 1 5 1.0 1.0
4 1 5 0.0 1.0

5 1 6 0.0 0.0
6 1 6 1.0 0.0
6 1 5 1.0 1.0

5 1 6 0.0 0.0
6 1 5 1.0 1.0
5 1 5 0.0 1.0

6 1 6 0.0 0.0
7 1 6 1.0 0.0
7 1 5 1.0 1.0

6 1 6 0.0 0.0
7 1 5 1.0 1.0
6 1 5 0.0 1.0

7 1 6 0.0 0.0
8 1 6 1.0 0.0
8 1 5 1.0 1.0

7 1 6 0.0 0.0
8 1 5 1.0 1.0
7 1 5 0.0 1.0

8 1 6 0.0 0.0
9 1 6 1.0 0.0
9 1 5 1.0 1.0

8 1 6 0.0 0.0
9 1 5 1.0 1.0
8 1 5 0.0 1.0

15 1 6 0.0 0.0
16 1 6 1.0 0.0
16 1 5 1.0 1.0

15 1 6 0.0 0.0
16 1 5 1.0 1.0
15 1 5 0.0 1.0

16 1 6 0.0 0.0
17 1 6 1.0 0.0
17 1 5 1.0 1.0

16 1 6 0.0 0.0
17 1 5 1.0 1.0
16 1 5 0.0 1.0

18 1 6 0.0 0.0
19 1 6 1.0 0.0
19 1 5 1.0 1.0

18 1 6 0.0 0.0
19 1 5 1.0 1.0
18 1 5 0.0 1.0

1 1 7 0.0 0.0
2 1 7 1.0 0.0
2 1 6 1.0 1.0

1 1 7 0.0 0.0
2 1 6 1.0 1.0
1 1 6 0.0 1.0

2 1 7 0.0 0.0
3 1 7 1.0 0.0
3 1 6 1.0 1.0

2 1 7 0.0 0.0
3 1 6 1.0 1.0
2 1 6 0.0 1.0

3 1 7 0.0 0.0
4 1 7 1.0 0.0
4 1 6 1.0 1.0

3 1 7 0.0 0.0
4 1 6 1.0 1.0
3 1 6 0.0 1.0

4 1 7 0.0 0.0
5 1 7 1.0 0.0
5 1 6 1.0 1.0

4 1 7 0.0 0.0
5 1 6 1.0 1.0
4 1 6 0.0 1.0

5 1 7 0.0 0.0
6 1 7 1.0 0.0
6 1 6 1.0 1.0

5 1 7 0.0 0.0
6 1 6 1.0 1.0
5 1 6 0.0 1.0

6 1 7 0.0 0.0
7 1 7 1.0 0.0
7 1 6 1.0 1.0

6 1 7 0.0 0.0
7 1 6 1.0 1.0
6 1 6 0.0 1.0

7 1 7 0.0 0.0
8 1 7 1.0 0.0
8 1 6 1.0 1.0

7 1 7 0.0 0.0
8 1 6 1.0 1.0
7 1 6 0.0 1.0

8 1 7 0.0 0.0
9 1 7 1.0 0.0
9 1 6 1.0 1.0

8 1 7 0.0 0.0
9 1 6 1.0 1.0
8 1 6 0.0 1.0

10 1 7 0.0 0.0
11 1 7 1.0 0.0
11 1 6 1.0 1.0

10 1 7 0.0 0.0
11 1 6 1.0 1.0
10 1 6 0.0 1.0

11 1 7 0.0 0.0
12 1 7 1.0 0.0
12 1 6 1.0 1.0

11 1 7 0.0 0.0
12 1 6 1.0 1.0
11 1 6 0.0 1.0

12 1 7 0.0 0.0
13 1 7 1.0 0.0
13 1 6 1.0 1.0

12 1 7 0.0 0.0
13 1 6 1.0 1.0
12 1 6 0.0 1.0

13 1 7 0.0 0.0
14 1 7 1.0 0.0
14 1 6 1.0 1.0

13 1 7 0.0 0.0
14 1 6 1.0 1.0
13 1 6 0.0 1.0

14 1 7 0.0 0.0
15 1 7 1.0 0.0
15 1 6 1.0 1.0

14 1 7 0.0 0.0
15 1 6 1.0 1.0
14 1 6 0.0 1.0

15 1 7 0.0 0.0
16 1 7 1.0 0.0
16 1 6 1.0 1.0

15 1 7 0.0 0.0
16 1 6 1.0 1.0
15 1 6 0.0 1.0

16 1 7 0.0 0.0
17 1 7 1.0 0.0
17 1 6 1.0 1.0

16 1 7 0.0 0.0
17 1 6 1.0 1.0
16 1 6 0.0 1.0

18 1 7 0.0 0.0
19 1 7 1.0 0.0
19 1 6 1.0 1.0

18 1 7 0.0 0.0
19 1 6 1.0 1.0
18 1 6 0.0 1.0

1 1 8 0.0 0.0
2 1 8 1.0 0.0
2 1 7 1.0 1.0

1 1 8 0.0 0.0
2 1 7 1.0 1.0
1 1 7 0.0 1.0

2 1 8 0.0 0.0
3 1 8 1.0 0.0
3 1 7 1.0 1.0

2 1 8 0.0 0.0
3 1 7 1.0 1.0
2 1 7 0.0 1.0

3 1 8 0.0 0.0
4 1 8 1.0 0.0
4 1 7 1.0 1.0

3 1 8 0.0 0.0
4 1 7 1.0 1.0
3 1 7 0.0 1.0

4 1 8 0.0 0.0
5 1 8 1.0 0.0
5 1 7 1.0 1.0

4 1 8 0.0 0.0
5 1 7 1.0 1.0
4 1 7 0.0 1.0

5 1 8 0.0 0.0
6 1 8 1.0 0.0
6 1 7 1.0 1.0

5 1 8 0.0 0.0
6 1 7 1.0 1.0
5 1 7 0.0 1.0

6 1 8 0.0 0.0
7 1 8 1.0 0.0
7 1 7 1.0 1.0

6 1 8 0.0 0.0
7 1 7 1.0 1.0
6 1 7 0.0 1.0

7 1 8 0.0 0.0
8 1 8 1.0 0.0
8 1 7 1.0 1.0

7 1 8 0.0 0.0
8 1 7 1.0 1.0
7 1 7 0.0 1.0

8 1 8 0.0 0.0
9 1 8 1.0 0.0
9 1 7 1.0 1.0

8 1 8 0.0 0.0
9 1 7 1.0 1.0
8 1 7 0.0 1.0

10 1 8 0.0 0.0
11 1 8 1.0 0.0
11 1 7 1.0 1.0

10 1 8 0.0 0.0
11 1 7 1.0 1.0
10 1 7 0.0 1.0

11 1 8 0.0 0.0
12 1 8 1.0 0.0
12 1 7 1.0 1.0

11 1 8 0.0 0.0
12 1 7 1.0 1.0
11 1 7 0.0 1.0

18 1 8 0.0 0.0
19 1 8 1.0 0.0
19 1 7 1.0 1.0

18 1 8 0.0 0.0
19 1 7 1.0 1.0
18 1 7 0.0 1.0

1 1 9 0.0 0.0
2 1 9 1.0 0.0
2 1 8 1.0 1.0

1 1 9 0.0 0.0
2 1 8 1.0 1.0
1 1 8 0.0 1.0

2 1 9 0.0 0.0
3 1 9 1.0 0.0
3 1 8 1.0 1.0

2 1 9 0.0 0.0
3 1 8 1.0 1.0
2 1 8 0.0 1.0

3 1 9 0.0 0.0
4 1 9 1.0 0.0
4 1 8 1.0 1.0

3 1 9 0.0 0.0
4 1 8 1.0 1.0
3 1 8 0.0 1.0

4 1 9 0.0 0.0
5 1 9 1.0 0.0
5 1 8 1.0 1.0

4 1 9 0.0 0.0
5 1 8 1.0 1.0
4 1 8 0.0 1.0

5 1 9 0.0 0.0
6 1 9 1.0 0.0
6 1 8 1.0 1.0

5 1 9 0.0 0.0
6 1 8 1.0 1.0
5 1 8 0.0 1.0

6 1 9 0.0 0.0
7 1 9 1.0 0.0
7 1 8 1.0 1.0

6 1 9 0.0 0.0
7 1 8 1.0 1.0
6 1 8 0.0 1.0

7 1 9 0.0 0.0
8 1 9 1.0 0.0
8 1 8 1.0 1.0

7 1 9 0.0 0.0
8 1 8 1.0 1.0
7 1 8 0.0 1.0

8 1 9 0.0 0.0
9 1 9 1.0 0.0
9 1 8 1.0 1.0

8 1 9 0.0 0.0
9 1 8 1.0 1.0
8 1 8 0.0 1.0

10 1 9 0.0 0.0
11 1 9 1.0 0.0
11 1 8 1.0 1.0

10 1 9 0.0 0.0
11 1 8 1.0 1.0
10 1 8 0.0 1.0

11 1 9 0.0 0.0
12 1 9 1.0 0.0
12 1 8 1.0 1.0

11 1 9 0.0 0.0
12 1 8 1.0 1.0
11 1 8 0.0 1.0

12 1 9 0.0 0.0
13 1 9 1.0 0.0
13 1 8 1.0 1.0

12 1 9 0.0 0.0
13 1 8 1.0 1.0
12 1 8 0.0 1.0

13 1 9 0.0 0.0
14 1 9 1.0 0.0
14 1 8 1.0 1.0

13 1 9 0.0 0.0
14 1 8 1.0 1.0
13 1 8 0.0 1.0

14 1 9 0.0 0.0
15 1 9 1.0 0.0
15 1 8 1.0 1.0

14 1 9 0.0 0.0
15 1 8 1.0 1.0
14 1 8 0.0 1.0

15 1 9 0.0 0.0
16 1 9 1.0 0.0
16 1 8 1.0 1.0

15 1 9 0.0 0.0
16 1 8 1.0 1.0
15 1 8 0.0 1.0

16 1 9 0.0 0.0
17 1 9 1.0 0.0
17 1 8 1.0 1.0

16 1 9 0.0 0.0
17 1 8 1.0 1.0
16 1 8 0.0 1.0

17 1 9 0.0 0.0
18 1 9 1.0 0.0
18 1 8 1.0 1.0

17 1 9 0.0 0.0
18 1 8 1.0 1.0
17 1 8 0.0 1.0

18 1 9 0.0 0.0
19 1 9 1.0 0.0
19 1 8 1.0 1.0

18 1 9 0.0 0.0
19 1 8 1.0 1.0
18 1 8 0.0 1.0

1 1 1 0.0 0.0
2 1 1 1.0 0.0
2 2 1 1.0 1.0

1 1 1 0.0 0.0
2 2 1 1.0 1.0
1 2 1 0.0 1.0

2 1 1 0.0 0.0
3 1 1 1.0 0.0
3 2 1 1.0 1.0

2 1 1 0.0 0.0
3 2 1 1.0 1.0
2 2 1 0.0 1.0

3 1 1 0.0 0.0
4 1 1 1.0 0.0
4 2 1 1.0 1.0

3 1 1 0.0 0.0
4 2 1 1.0 1.0
3 2 1 0.0 1.0

4 1 1 0.0 0.0
5 1 1 1.0 0.0
5 2 1 1.0 1.0

4 1 1 0.0 0.0
5 2 1 1.0 1.0
4 2 1 0.0 1.0

5 1 1 0.0 0.0
6 1 1 1.0 0.0
6 2 1 1.0 1.0

5 1 1 0.0 0.0
6 2 1 1.0 1.0
5 2 1 0.0 1.0

6 1 1 0.0 0.0
7 1 1 1.0 0.0
7 2 1 1.0 1.0

6 1 1 0.0 0.0
7 2 1 1.0 1.0
6 2 1 0.0 1.0

7 1 1 0.0 0.0
8 1 1 1.0 0.0
8 2 1 1.0 1.0

7 1 1 0.0 0.0
8 2 1 1.0 1.0
7 2 1 0.0 1.0

8 1 1 0.0 0.0
9 1 1 1.0 0.0
9 2 1 1.0 1.0

8 1 1 0.0 0.0
9 2 1 1.0 1.0
8 2 1 0.0 1.0

9 1 1 0.0 0.0
10 1 1 1.0 0.0
10 2 1 1.0 1.0

9 1 1 0.0 0.0
10 2 1 1.0 1.0
9 2 1 0.0 1.0

10 1 1 0.0 0.0
11 1 1 1.0 0.0
11 2 1 1.0 1.0

10 1 1 0.0 0.0
11 2 1 1.0 1.0
10 2 1 0.0 1.0

11 1 1 0.0 0.0
12 1 1 1.0 0.0
12 2 1 1.0 1.0

11 1 1 0.0 0.0
12 2 1 1.0 1.0
11 2 1 0.0 1.0

12 1 1 0.0 0.0
13 1 1 1.0 0.0
13 2 1 1.0 1.0

12 1 1 0.0 0.0
13 2 1 1.0 1.0
12 2 1 0.0 1.0

13 1 1 0.0 0.0
14 1 1 1.0 0.0
14 2 1 1.0 1.0

13 1 1 0.0 0.0
14 2 1 1.0 1.0
13 2 1 0.0 1.0

14 1 1 0.0 0.0
15 1 1 1.0 0.0
15 2 1 1.0 1.0

14 1 1 0.0 0.0
15 2 1 1.0 1.0
14 2 1 0.0 1.0

15 1 1 0.0 0.0
16 1 1 1.0 0.0
16 2 1 1.0 1.0

15 1 1 0.0 0.0
16 2 1 1.0 1.0
15 2 1 0.0 1.0

16 1 1 0.0 0.0
17 1 1 1.0 0.0
17 2 1 1.0 1.0

16 1 1 0.0 0.0
17 2 1 1.0 1.0
16 2 1 0.0 1.0

18 1 1 0.0 0.0
19 1 1 1.0 0.0
19 2 1 1.0 1.0

18 1 1 0.0 0.0
19 2 1 1.0 1.0
18 2 1 0.0 1.0

1 1 2 0.0 0.0
1 1 1 1.0 0.0
1 2 1 1.0 1.0

1 1 2 0.0 0.0
1 2 1 1.0 1.0
1 2 2 0.0 1.0

17 1 2 0.0 0.0
17 2 2 0.0 1.0
17 2 1 1.0 1.0

17 1 2 0.0 0.0
17 2 1 1.0 1.0
17 1 1 1.0 0.0

18 1 2 0.0 0.0
18 1 1 1.0 0.0
18 2 1 1.0 1.0

18 1 2 0.0 0.0
18 2 1 1.0 1.0
18 2 2 0.0 1.0

19 1 2 0.0 0.0
19 2 2 0.0 1.0
19 2 1 1.0 1.0

19 1 2 0.0 0.0
19 2 1 1.0 1.0
19 1 1 1.0 0.0

1 1 3 0.0 0.0
1 1 2 1.0 0.0
1 2 2 1.0 1.0

1 1 3 0.0 0.0
1 2 2 1.0 1.0
1 2 3 0.0 1.0

9 1 3 0.0 0.0
9 2 3 0.0 1.0
9 2 2 1.0 1.0

9 1 3 0.0 0.0
9 2 2 1.0 1.0
9 1 2 1.0 0.0

10 1 3 0.0 0.0
10 1 2 1.0 0.0
10 2 2 1.0 1.0

10 1 3 0.0 0.0
10 2 2 1.0 1.0
10 2 3 0.0 1.0

10 1 2 0.0 0.0
9 1 2 1.0 0.0
9 2 2 1.0 1.0

10 1 2 0.0 0.0
9 2 2 1.0 1.0
10 2 2 0.0 1.0

17 1 3 0.0 0.0
17 2 3 0.0 1.0
17 2 2 1.0 1.0

17 1 3 0.0 0.0
17 2 2 1.0 1.0
17 1 2 1.0 0.0

18 1 3 0.0 0.0
18 1 2 1.0 0.0
18 2 2 1.0 1.0

18 1 3 0.0 0.0
18 2 2 1.0 1.0
18 2 3 0.0 1.0

19 1 3 0.0 0.0
19 2 3 0.0 1.0
19 2 2 1.0 1.0

19 1 3 0.0 0.0
19 2 2 1.0 1.0
19 1 2 1.0 0.0

1 1 4 0.0 0.0
1 1 3 1.0 0.0
1 2 3 1.0 1.0

1 1 4 0.0 0.0
1 2 3 1.0 1.0
1 2 4 0.0 1.0

0 1 4 0.0 0.0
1 1 4 1.0 0.0
1 2 4 1.0 1.0

0 1 4 0.0 0.0
1 2 4 1.0 1.0
0 2 4 0.0 1.0

9 1 4 0.0 0.0
9 2 4 0.0 1.0
9 2 3 1.0 1.0

9 1 4 0.0 0.0
9 2 3 1.0 1.0
9 1 3 1.0 0.0

10 1 4 0.0 0.0
10 1 3 1.0 0.0
10 2 3 1.0 1.0

10 1 4 0.0 0.0
10 2 3 1.0 1.0
10 2 4 0.0 1.0

17 1 4 0.0 0.0
17 2 4 0.0 1.0
17 2 3 1.0 1.0

17 1 4 0.0 0.0
17 2 3 1.0 1.0
17 1 3 1.0 0.0

18 1 4 0.0 0.0
18 1 3 1.0 0.0
18 2 3 1.0 1.0

18 1 4 0.0 0.0
18 2 3 1.0 1.0
18 2 4 0.0 1.0

19 1 4 0.0 0.0
19 2 4 0.0 1.0
19 2 3 1.0 1.0

19 1 4 0.0 0.0
19 2 3 1.0 1.0
19 1 3 1.0 0.0

9 1 5 0.0 0.0
9 2 5 0.0 1.0
9 2 4 1.0 1.0

9 1 5 0.0 0.0
9 2 4 1.0 1.0
9 1 4 1.0 0.0

10 1 5 0.0 0.0
10 1 4 1.0 0.0
10 2 4 1.0 1.0

10 1 5 0.0 0.0
10 2 4 1.0 1.0
10 2 5 0.0 1.0

17 1 5 0.0 0.0
17 2 5 0.0 1.0
17 2 4 1.0 1.0

17 1 5 0.0 0.0
17 2 4 1.0 1.0
17 1 4 1.0 0.0

18 1 5 0.0 0.0
18 1 4 1.0 0.0
18 2 4 1.0 1.0

18 1 5 0.0 0.0
18 2 4 1.0 1.0
18 2 5 0.0 1.0

19 1 5 0.0 0.0
19 2 5 0.0 1.0
19 2 4 1.0 1.0

19 1 5 0.0 0.0
19 2 4 1.0 1.0
19 1 4 1.0 0.0

9 1 6 0.0 0.0
9 2 6 0.0 1.0
9 2 5 1.0 1.0

9 1 6 0.0 0.0
9 2 5 1.0 1.0
9 1 5 1.0 0.0

11 1 5 0.0 0.0
10 1 5 1.0 0.0
10 2 5 1.0 1.0

11 1 5 0.0 0.0
10 2 5 1.0 1.0
11 2 5 0.0 1.0

10 1 6 0.0 0.0
11 1 6 1.0 0.0
11 2 6 1.0 1.0

10 1 6 0.0 0.0
11 2 6 1.0 1.0
10 2 6 0.0 1.0

12 1 5 0.0 0.0
11 1 5 1.0 0.0
11 2 5 1.0 1.0

12 1 5 0.0 0.0
11 2 5 1.0 1.0
12 2 5 0.0 1.0

11 1 6 0.0 0.0
12 1 6 1.0 0.0
12 2 6 1.0 1.0

11 1 6 0.0 0.0
12 2 6 1.0 1.0
11 2 6 0.0 1.0

13 1 5 0.0 0.0
12 1 5 1.0 0.0
12 2 5 1.0 1.0

13 1 5 0.0 0.0
12 2 5 1.0 1.0
13 2 5 0.0 1.0

12 1 6 0.0 0.0
13 1 6 1.0 0.0
13 2 6 1.0 1.0

12 1 6 0.0 0.0
13 2 6 1.0 1.0
12 2 6 0.0 1.0

14 1 5 0.0 0.0
13 1 5 1.0 0.0
13 2 5 1.0 1.0

14 1 5 0.0 0.0
13 2 5 1.0 1.0
14 2 5 0.0 1.0

13 1 6 0.0 0.0
14 1 6 1.0 0.0
14 2 6 1.0 1.0

13 1 6 0.0 0.0
14 2 6 1.0 1.0
13 2 6 0.0 1.0

15 1 6 0.0 0.0
15 1 5 1.0 0.0
15 2 5 1.0 1.0

15 1 6 0.0 0.0
15 2 5 1.0 1.0
15 2 6 0.0 1.0

15 1 5 0.0 0.0
14 1 5 1.0 0.0
14 2 5 1.0 1.0

15 1 5 0.0 0.0
14 2 5 1.0 1.0
15 2 5 0.0 1.0

14 1 6 0.0 0.0
15 1 6 1.0 0.0
15 2 6 1.0 1.0

14 1 6 0.0 0.0
15 2 6 1.0 1.0
14 2 6 0.0 1.0

17 1 6 0.0 0.0
17 2 6 0.0 1.0
17 2 5 1.0 1.0

17 1 6 0.0 0.0
17 2 5 1.0 1.0
17 1 5 1.0 0.0

18 1 6 0.0 0.0
18 1 5 1.0 0.0
18 2 5 1.0 1.0

18 1 6 0.0 0.0
18 2 5 1.0 1.0
18 2 6 0.0 1.0

19 1 6 0.0 0.0
19 2 6 0.0 1.0
19 2 5 1.0 1.0

19 1 6 0.0 0.0
19 2 5 1.0 1.0
19 1 5 1.0 0.0

1 1 7 0.0 0.0
1 1 6 1.0 0.0
1 2 6 1.0 1.0

1 1 7 0.0 0.0
1 2 6 1.0 1.0
1 2 7 0.0 1.0

1 1 6 0.0 0.0
0 1 6 1.0 0.0
0 2 6 1.0 1.0

1 1 6 0.0 0.0
0 2 6 1.0 1.0
1 2 6 0.0 1.0

9 1 7 0.0 0.0
9 2 7 0.0 1.0
9 2 6 1.0 1.0

9 1 7 0.0 0.0
9 2 6 1.0 1.0
9 1 6 1.0 0.0

10 1 7 0.0 0.0
10 1 6 1.0 0.0
10 2 6 1.0 1.0

10 1 7 0.0 0.0
10 2 6 1.0 1.0
10 2 7 0.0 1.0

17 1 7 0.0 0.0
17 2 7 0.0 1.0
17 2 6 1.0 1.0

17 1 7 0.0 0.0
17 2 6 1.0 1.0
17 1 6 1.0 0.0

18 1 7 0.0 0.0
18 1 6 1.0 0.0
18 2 6 1.0 1.0

18 1 7 0.0 0.0
18 2 6 1.0 1.0
18 2 7 0.0 1.0

19 1 7 0.0 0.0
19 2 7 0.0 1.0
19 2 6 1.0 1.0

19 1 7 0.0 0.0
19 2 6 1.0 1.0
19 1 6 1.0 0.0

1 1 8 0.0 0.0
1 1 7 1.0 0.0
1 2 7 1.0 1.0

1 1 8 0.0 0.0
1 2 7 1.0 1.0
1 2 8 0.0 1.0

9 1 8 0.0 0.0
9 2 8 0.0 1.0
9 2 7 1.0 1.0

9 1 8 0.0 0.0
9 2 7 1.0 1.0
9 1 7 1.0 0.0

10 1 8 0.0 0.0
10 1 7 1.0 0.0
10 2 7 1.0 1.0

10 1 8 0.0 0.0
10 2 7 1.0 1.0
10 2 8 0.0 1.0

12 1 8 0.0 0.0
12 2 8 0.0 1.0
12 2 7 1.0 1.0

12 1 8 0.0 0.0
12 2 7 1.0 1.0
12 1 7 1.0 0.0

13 1 7 0.0 0.0
12 1 7 1.0 0.0
12 2 7 1.0 1.0

13 1 7 0.0 0.0
12 2 7 1.0 1.0
13 2 7 0.0 1.0

12 1 8 0.0 0.0
13 1 8 1.0 0.0
13 2 8 1.0 1.0

12 1 8 0.0 0.0
13 2 8 1.0 1.0
12 2 8 0.0 1.0

14 1 7 0.0 0.0
13 1 7 1.0 0.0
13 2 7 1.0 1.0

14 1 7 0.0 0.0
13 2 7 1.0 1.0
14 2 7 0.0 1.0

13 1 8 0.0 0.0
14 1 8 1.0 0.0
14 2 8 1.0 1.0

13 1 8 0.0 0.0
14 2 8 1.0 1.0
13 2 8 0.0 1.0

15 1 7 0.0 0.0
14 1 7 1.0 0.0
14 2 7 1.0 1.0

15 1 7 0.0 0.0
14 2 7 1.0 1.0
15 2 7 0.0 1.0

14 1 8 0.0 0.0
15 1 8 1.0 0.0
15 2 8 1.0 1.0

14 1 8 0.0 0.0
15 2 8 1.0 1.0
14 2 8 0.0 1.0

16 1 7 0.0 0.0
15 1 7 1.0 0.0
15 2 7 1.0 1.0

16 1 7 0.0 0.0
15 2 7 1.0 1.0
16 2 7 0.0 1.0

15 1 8 0.0 0.0
16 1 8 1.0 0.0
16 2 8 1.0 1.0

15 1 8 0.0 0.0
16 2 8 1.0 1.0
15 2 8 0.0 1.0

17 1 7 0.0 0.0
16 1 7 1.0 0.0
16 2 7 1.0 1.0

17 1 7 0.0 0.0
16 2 7 1.0 1.0
17 2 7 0.0 1.0

16 1 8 0.0 0.0
17 1 8 1.0 0.0
17 2 8 1.0 1.0

16 1 8 0.0 0.0
17 2 8 1.0 1.0
16 2 8 0.0 1.0

18 1 8 0.0 0.0
18 1 7 1.0 0.0
18 2 7 1.0 1.0

18 1 8 0.0 0.0
18 2 7 1.0 1.0
18 2 8 0.0 1.0

17 1 8 0.0 0.0
18 1 8 1.0 0.0
18 2 8 1.0 1.0

17 1 8 0.0 0.0
18 2 8 1.0 1.0
17 2 8 0.0 1.0

19 1 8 0.0 0.0
19 2 8 0.0 1.0
19 2 7 1.0 1.0

19 1 8 0.0 0.0
19 2 7 1.0 1.0
19 1 7 1.0 0.0

1 1 9 0.0 0.0
1 1 8 1.0 0.0
1 2 8 1.0 1.0

1 1 9 0.0 0.0
1 2 8 1.0 1.0
1 2 9 0.0 1.0

9 1 9 0.0 0.0
9 2 9 0.0 1.0
9 2 8 1.0 1.0

9 1 9 0.0 0.0
9 2 8 1.0 1.0
9 1 8 1.0 0.0

10 1 9 0.0 0.0
10 1 8 1.0 0.0
10 2 8 1.0 1.0

10 1 9 0.0 0.0
10 2 8 1.0 1.0
10 2 9 0.0 1.0

19 1 9 0.0 0.0
19 2 9 0.0 1.0
19 2 8 1.0 1.0

19 1 9 0.0 0.0
19 2 8 1.0 1.0
19 1 8 1.0 0.0

2 1 9 0.0 0.0
1 1 9 1.0 0.0
1 2 9 1.0 1.0

2 1 9 0.0 0.0
1 2 9 1.0 1.0
2 2 9 0.0 1.0

3 1 9 0.0 0.0
2 1 9 1.0 0.0
2 2 9 1.0 1.0

3 1 9 0.0 0.0
2 2 9 1.0 1.0
3 2 9 0.0 1.0

4 1 9 0.0 0.0
3 1 9 1.0 0.0
3 2 9 1.0 1.0

4 1 9 0.0 0.0
3 2 9 1.0 1.0
4 2 9 0.0 1.0

5 1 9 0.0 0.0
4 1 9 1.0 0.0
4 2 9 1.0 1.0

5 1 9 0.0 0.0
4 2 9 1.0 1.0
5 2 9 0.0 1.0

6 1 9 0.0 0.0
5 1 9 1.0 0.0
5 2 9 1.0 1.0

6 1 9 0.0 0.0
5 2 9 1.0 1.0
6 2 9 0.0 1.0

7 1 9 0.0 0.0
6 1 9 1.0 0.0
6 2 9 1.0 1.0

7 1 9 0.0 0.0
6 2 9 1.0 1.0
7 2 9 0.0 1.0

8 1 9 0.0 0.0
7 1 9 1.0 0.0
7 2 9 1.0 1.0

8 1 9 0.0 0.0
7 2 9 1.0 1.0
8 2 9 0.0 1.0

9 1 9 0.0 0.0
8 1 9 1.0 0.0
8 2 9 1.0 1.0

9 1 9 0.0 0.0
8 2 9 1.0 1.0
9 2 9 0.0 1.0

11 1 9 0.0 0.0
10 1 9 1.0 0.0
10 2 9 1.0 1.0

11 1 9 0.0 0.0
10 2 9 1.0 1.0
11 2 9 0.0 1.0

12 1 9 0.0 0.0
11 1 9 1.0 0.0
11 2 9 1.0 1.0

12 1 9 0.0 0.0
11 2 9 1.0 1.0
12 2 9 0.0 1.0

13 1 9 0.0 0.0
12 1 9 1.0 0.0
12 2 9 1.0 1.0

13 1 9 0.0 0.0
12 2 9 1.0 1.0
13 2 9 0.0 1.0

14 1 9 0.0 0.0
13 1 9 1.0 0.0
13 2 9 1.0 1.0

14 1 9 0.0 0.0
13 2 9 1.0 1.0
14 2 9 0.0 1.0

15 1 9 0.0 0.0
14 1 9 1.0 0.0
14 2 9 1.0 1.0

15 1 9 0.0 0.0
14 2 9 1.0 1.0
15 2 9 0.0 1.0

16 1 9 0.0 0.0
15 1 9 1.0 0.0
15 2 9 1.0 1.0

16 1 9 0.0 0.0
15 2 9 1.0 1.0
16 2 9 0.0 1.0

17 1 9 0.0 0.0
16 1 9 1.0 0.0
16 2 9 1.0 1.0

17 1 9 0.0 0.0
16 2 9 1.0 1.0
17 2 9 0.0 1.0

18 1 9 0.0 0.0
17 1 9 1.0 0.0
17 2 9 1.0 1.0

18 1 9 0.0 0.0
17 2 9 1.0 1.0
18 2 9 0.0 1.0

19 1 9 0.0 0.0
18 1 9 1.0 0.0
18 2 9 1.0 1.0

19 1 9 0.0 0.0
18 2 9 1.0 1.0
19 2 9 0.0 1.0

1 2 1 0.0 0.0
2 2 1 1.0 0.0
2 3 1 1.0 1.0

1 2 1 0.0 0.0
2 3 1 1.0 1.0
1 3 1 0.0 1.0

2 2 1 0.0 0.0
3 2 1 1.0 0.0
3 3 1 1.0 1.0

2 2 1 0.0 0.0
3 3 1 1.0 1.0
2 3 1 0.0 1.0

3 2 1 0.0 0.0
4 2 1 1.0 0.0
4 3 1 1.0 1.0

3 2 1 0.0 0.0
4 3 1 1.0 1.0
3 3 1 0.0 1.0

4 2 1 0.0 0.0
5 2 1 1.0 0.0
5 3 1 1.0 1.0

4 2 1 0.0 0.0
5 3 1 1.0 1.0
4 3 1 0.0 1.0

5 2 1 0.0 0.0
6 2 1 1.0 0.0
6 3 1 1.0 1.0

5 2 1 0.0 0.0
6 3 1 1.0 1.0
5 3 1 0.0 1.0

6 2 1 0.0 0.0
7 2 1 1.0 0.0
7 3 1 1.0 1.0

6 2 1 0.0 0.0
7 3 1 1.0 1.0
6 3 1 0.0 1.0

7 2 1 0.0 0.0
8 2 1 1.0 0.0
8 3 1 1.0 1.0

7 2 1 0.0 0.0
8 3 1 1.0 1.0
7 3 1 0.0 1.0

8 2 1 0.0 0.0
9 2 1 1.0 0.0
9 3 1 1.0 1.0

8 2 1 0.0 0.0
9 3 1 1.0 1.0
8 3 1 0.0 1.0

9 2 1 0.0 0.0
10 2 1 1.0 0.0
10 3 1 1.0 1.0

9 2 1 0.0 0.0
10 3 1 1.0 1.0
9 3 1 0.0 1.0

10 2 1 0.0 0.0
11 2 1 1.0 0.0
11 3 1 1.0 1.0

10 2 1 0.0 0.0
11 3 1 1.0 1.0
10 3 1 0.0 1.0

11 2 1 0.0 0.0
12 2 1 1.0 0.0
12 3 1 1.0 1.0

11 2 1 0.0 0.0
12 3 1 1.0 1.0
11 3 1 0.0 1.0

12 2 1 0.0 0.0
13 2 1 1.0 0.0
13 3 1 1.0 1.0

12 2 1 0.0 0.0
13 3 1 1.0 1.0
12 3 1 0.0 1.0

13 2 1 0.0 0.0
14 2 1 1.0 0.0
14 3 1 1.0 1.0

13 2 1 0.0 0.0
14 3 1 1.0 1.0
13 3 1 0.0 1.0

14 2 1 0.0 0.0
15 2 1 1.0 0.0
15 3 1 1.0 1.0

14 2 1 0.0 0.0
15 3 1 1.0 1.0
14 3 1 0.0 1.0

15 2 1 0.0 0.0
16 2 1 1.0 0.0
16 3 1 1.0 1.0

15 2 1 0.0 0.0
16 3 1 1.0 1.0
15 3 1 0.0 1.0

16 2 1 0.0 0.0
17 2 1 1.0 0.0
17 3 1 1.0 1.0

16 2 1 0.0 0.0
17 3 1 1.0 1.0
16 3 1 0.0 1.0

18 2 1 0.0 0.0
19 2 1 1.0 0.0
19 3 1 1.0 1.0

18 2 1 0.0 0.0
19 3 1 1.0 1.0
18 3 1 0.0 1.0

1 2 2 0.0 0.0
1 2 1 1.0 0.0
1 3 1 1.0 1.0

1 2 2 0.0 0.0
1 3 1 1.0 1.0
1 3 2 0.0 1.0

17 2 2 0.0 0.0
17 3 2 0.0 1.0
17 3 1 1.0 1.0

17 2 2 0.0 0.0
17 3 1 1.0 1.0
17 2 1 1.0 0.0

18 2 2 0.0 0.0
18 2 1 1.0 0.0
18 3 1 1.0 1.0

18 2 2 0.0 0.0
18 3 1 1.0 1.0
18 3 2 0.0 1.0

19 2 2 0.0 0.0
19 3 2 0.0 1.0
19 3 1 1.0 1.0

19 2 2 0.0 0.0
19 3 1 1.0 1.0
19 2 1 1.0 0.0

1 2 3 0.0 0.0
1 2 2 1.0 0.0
1 3 2 1.0 1.0

1 2 3 0.0 0.0
1 3 2 1.0 1.0
1 3 3 0.0 1.0

9 2 3 0.0 0.0
9 3 3 0.0 1.0
9 3 2 1.0 1.0

9 2 3 0.0 0.0
9 3 2 1.0 1.0
9 2 2 1.0 0.0

10 2 3 0.0 0.0
10 2 2 1.0 0.0
10 3 2 1.0 1.0

10 2 3 0.0 0.0
10 3 2 1.0 1.0
10 3 3 0.0 1.0

10 2 2 0.0 0.0
9 2 2 1.0 0.0
9 3 2 1.0 1.0

10 2 2 0.0 0.0
9 3 2 1.0 1.0
10 3 2 0.0 1.0

17 2 3 0.0 0.0
17 3 3 0.0 1.0
17 3 2 1.0 1.0

17 2 3 0.0 0.0
17 3 2 1.0 1.0
17 2 2 1.0 0.0

18 2 3 0.0 0.0
18 2 2 1.0 0.0
18 3 2 1.0 1.0

18 2 3 0.0 0.0
18 3 2 1.0 1.0
18 3 3 0.0 1.0

19 2 3 0.0 0.0
19 3 3 0.0 1.0
19 3 2 1.0 1.0

19 2 3 0.0 0.0
19 3 2 1.0 1.0
19 2 2 1.0 0.0

1 2 4 0.0 0.0
1 2 3 1.0 0.0
1 3 3 1.0 1.0

1 2 4 0.0 0.0
1 3 3 1.0 1.0
1 3 4 0.0 1.0

0 2 4 0.0 0.0
1 2 4 1.0 0.0
1 3 4 1.0 1.0

0 2 4 0.0 0.0
1 3 4 1.0 1.0
0 3 4 0.0 1.0

9 2 4 0.0 0.0
9 3 4 0.0 1.0
9 3 3 1.0 1.0

9 2 4 0.0 0.0
9 3 3 1.0 1.0
9 2 3 1.0 0.0

10 2 4 0.0 0.0
10 2 3 1.0 0.0
10 3 3 1.0 1.0

10 2 4 0.0 0.0
10 3 3 1.0 1.0
10 3 4 0.0 1.0

17 2 4 0.0 0.0
17 3 4 0.0 1.0
17 3 3 1.0 1.0

17 2 4 0.0 0.0
17 3 3 1.0 1.0
17 2 3 1.0 0.0

18 2 4 0.0 0.0
18 2 3 1.0 0.0
18 3 3 1.0 1.0

18 2 4 0.0 0.0
18 3 3 1.0 1.0
18 3 4 0.0 1.0

19 2 4 0.0 0.0
19 3 4 0.0 1.0
19 3 3 1.0 1.0

19 2 4 0.0 0.0
19 3 3 1.0 1.0
19 2 3 1.0 0.0

9 2 5 0.0 0.0
9 3 5 0.0 1.0
9 3 4 1.0 1.0

9 2 5 0.0 0.0
9 3 4 1.0 1.0
9 2 4 1.0 0.0

10 2 5 0.0 0.0
10 2 4 1.0 0.0
10 3 4 1.0 1.0

10 2 5 0.0 0.0
10 3 4 1.0 1.0
10 3 5 0.0 1.0

17 2 5 0.0 0.0
17 3 5 0.0 1.0
17 3 4 1.0 1.0

17 2 5 0.0 0.0
17 3 4 1.0 1.0
17 2 4 1.0 0.0

18 2 5 0.0 0.0
18 2 4 1.0 0.0
18 3 4 1.0 1.0

18 2 5 0.0 0.0
18 3 4 1.0 1.0
18 3 5 0.0 1.0

19 2 5 0.0 0.0
19 3 5 0.0 1.0
19 3 4 1.0 1.0

19 2 5 0.0 0.0
19 3 4 1.0 1.0
19 2 4 1.0 0.0

9 2 6 0.0 0.0
9 3 6 0.0 1.0
9 3 5 1.0 1.0

9 2 6 0.0 0.0
9 3 5 1.0 1.0
9 2 5 1.0 0.0

11 2 5 0.0 0.0
10 2 5 1.0 0.0
10 3 5 1.0 1.0

11 2 5 0.0 0.0
10 3 5 1.0 1.0
11 3 5 0.0 1.0

10 2 6 0.0 0.0
11 2 6 1.0 0.0
11 3 6 1.0 1.0

10 2 6 0.0 0.0
11 3 6 1.0 1.0
10 3 6 0.0 1.0

12 2 5 0.0 0.0
11 2 5 1.0 0.0
11 3 5 1.0 1.0

12 2 5 0.0 0.0
11 3 5 1.0 1.0
12 3 5 0.0 1.0

11 2 6 0.0 0.0
12 2 6 1.0 0.0
12 3 6 1.0 1.0

11 2 6 0.0 0.0
12 3 6 1.0 1.0
11 3 6 0.0 1.0

13 2 5 0.0 0.0
12 2 5 1.0 0.0
12 3 5 1.0 1.0

13 2 5 0.0 0.0
12 3 5 1.0 1.0
13 3 5 0.0 1.0

12 2 6 0.0 0.0
13 2 6 1.0 0.0
13 3 6 1.0 1.0

12 2 6 0.0 0.0
13 3 6 1.0 1.0
12 3 6 0.0 1.0

14 2 5 0.0 0.0
13 2 5 1.0 0.0
13 3 5 1.0 1.0

14 2 5 0.0 0.0
13 3 5 1.0 1.0
14 3 5 0.0 1.0

13 2 6 0.0 0.0
14 2 6 1.0 0.0
14 3 6 1.0 1.0

13 2 6 0.0 0.0
14 3 6 1.0 1.0
13 3 6 0.0 1.0

15 2 6 0.0 0.0
15 2 5 1.0 0.0
15 3 5 1.0 1.0

15 2 6 0.0 0.0
15 3 5 1.0 1.0
15 3 6 0.0 1.0

15 2 5 0.0 0.0
14 2 5 1.0 0.0
14 3 5 1.0 1.0

15 2 5 0.0 0.0
14 3 5 1.0 1.0
15 3 5 0.0 1.0

14 2 6 0.0 0.0
15 2 6 1.0 0.0
15 3 6 1.0 1.0

14 2 6 0.0 0.0
15 3 6 1.0 1.0
14 3 6 0.0 1.0

17 2 6 0.0 0.0
17 3 6 0.0 1.0
17 3 5 1.0 1.0

17 2 6 0.0 0.0
17 3 5 1.0 1.0
17 2 5 1.0 0.0

18 2 6 0.0 0.0
18 2 5 1.0 0.0
18 3 5 1.0 1.0

18 2 6 0.0 0.0
18 3 5 1.0 1.0
18 3 6 0.0 1.0

19 2 6 0.0 0.0
19 3 6 0.0 1.0
19 3 5 1.0 1.0

19 2 6 0.0 0.0
19 3 5 1.0 1.0
19 2 5 1.0 0.0

1 2 7 0.0 0.0
1 2 6 1.0 0.0
1 3 6 1.0 1.0

1 2 7 0.0 0.0
1 3 6 1.0 1.0
1 3 7 0.0 1.0

1 2 6 0.0 0.0
0 2 6 1.0 0.0
0 3 6 1.0 1.0

1 2 6 0.0 0.0
0 3 6 1.0 1.0
1 3 6 0.0 1.0

9 2 7 0.0 0.0
9 3 7 0.0 1.0
9 3 6 1.0 1.0

9 2 7 0.0 0.0
9 3 6 1.0 1.0
9 2 6 1.0 0.0

10 2 7 0.0 0.0
10 2 6 1.0 0.0
10 3 6 1.0 1.0

10 2 7 0.0 0.0
10 3 6 1.0 1.0
10 3 7 0.0 1.0

17 2 7 0.0 0.0
17 3 7 0.0 1.0
17 3 6 1.0 1.0

17 2 7 0.0 0.0
17 3 6 1.0 1.0
17 2 6 1.0 0.0

18 2 7 0.0 0.0
18 2 6 1.0 0.0
18 3 6 1.0 1.0

18 2 7 0.0 0.0
18 3 6 1.0 1.0
18 3 7 0.0 1.0

19 2 7 0.0 0.0
19 3 7 0.0 1.0
19 3 6 1.0 1.0

19 2 7 0.0 0.0
19 3 6 1.0 1.0
19 2 6 1.0 0.0

1 2 8 0.0 0.0
1 2 7 1.0 0.0
1 3 7 1.0 1.0

1 2 8 0.0 0.0
1 3 7 1.0 1.0
1 3 8 0.0 1.0

9 2 8 0.0 0.0
9 3 8 0.0 1.0
9 3 7 1.0 1.0

9 2 8 0.0 0.0
9 3 7 1.0 1.0
9 2 7 1.0 0.0

10 2 8 0.0 0.0
10 2 7 1.0 0.0
10 3 7 1.0 1.0

10 2 8 0.0 0.0
10 3 7 1.0 1.0
10 3 8 0.0 1.0

12 2 8 0.0 0.0
12 3 8 0.0 1.0
12 3 7 1.0 1.0

12 2 8 0.0 0.0
12 3 7 1.0 1.0
12 2 7 1.0 0.0

13 2 7 0.0 0.0
12 2 7 1.0 0.0
12 3 7 1.0 1.0

13 2 7 0.0 0.0
12 3 7 1.0 1.0
13 3 7 0.0 1.0

12 2 8 0.0 0.0
13 2 8 1.0 0.0
13 3 8 1.0 1.0

12 2 8 0.0 0.0
13 3 8 1.0 1.0
12 3 8 0.0 1.0

14 2 7 0.0 0.0
13 2 7 1.0 0.0
13 3 7 1.0 1.0

14 2 7 0.0 0.0
13 3 7 1.0 1.0
14 3 7 0.0 1.0

13 2 8 0.0 0.0
14 2 8 1.0 0.0
14 3 8 1.0 1.0

13 2 8 0.0 0.0
14 3 8 1.0 1.0
13 3 8 0.0 1.0

15 2 7 0.0 0.0
14 2 7 1.0 0.0
14 3 7 1.0 1.0

15 2 7 0.0 0.0
14 3 7 1.0 1.0
15 3 7 0.0 1.0

14 2 8 0.0 0.0
15 2 8 1.0 0.0
15 3 8 1.0 1.0

14 2 8 0.0 0.0
15 3 8 1.0 1.0
14 3 8 0.0 1.0

16 2 7 0.0 0.0
15 2 7 1.0 0.0
15 3 7 1.0 1.0

16 2 7 0.0 0.0
15 3 7 1.0 1.0
16 3 7 0.0 1.0

15 2 8 0.0 0.0
16 2 8 1.0 0.0
16 3 8 1.0 1.0

15 2 8 0.0 0.0
16 3 8 1.0 1.0
15 3 8 0.0 1.0

17 2 7 0.0 0.0
16 2 7 1.0 0.0
16 3 7 1.0 1.0

17 2 7 0.0 0.0
16 3 7 1.0 1.0
17 3 7 0.0 1.0

16 2 8 0.0 0.0
17 2 8 1.0 0.0
17 3 8 1.0 1.0

16 2 8 0.0 0.0
17 3 8 1.0 1.0
16 3 8 0.0 1.0

18 2 8 0.0 0.0
18 2 7 1.0 0.0
18 3 7 1.0 1.0

18 2 8 0.0 0.0
18 3 7 1.0 1.0
18 3 8 0.0 1.0

17 2 8 0.0 0.0
18 2 8 1.0 0.0
18 3 8 1.0 1.0

17 2 8 0.0 0.0
18 3 8 1.0 1.0
17 3 8 0.0 1.0

19 2 8 0.0 0.0
19 3 8 0.0 1.0
19 3 7 1.0 1.0

19 2 8 0.0 0.0
19 3 7 1.0 1.0
19 2 7 1.0 0.0

1 2 9 0.0 0.0
1 2 8 1.0 0.0
1 3 8 1.0 1.0

1 2 9 0.0 0.0
1 3 8 1.0 1.0
1 3 9 0.0 1.0

9 2 9 0.0 0.0
9 3 9 0.0 1.0
9 3 8 1.0 1.0

9 2 9 0.0 0.0
9 3 8 1.0 1.0
9 2 8 1.0 0.0

10 2 9 0.0 0.0
10 2 8 1.0 0.0
10 3 8 1.0 1.0

10 2 9 0.0 0.0
10 3 8 1.0 1.0
10 3 9 0.0 1.0

19 2 9 0.0 0.0
19 3 9 0.0 1.0
19 3 8 1.0 1.0

19 2 9 0.0 0.0
19 3 8 1.0 1.0
19 2 8 1.0 0.0

2 2 9 0.0 0.0
1 2 9 1.0 0.0
1 3 9 1.0 1.0

2 2 9 0.0 0.0
1 3 9 1.0 1.0
2 3 9 0.0 1.0

3 2 9 0.0 0.0
2 2 9 1.0 0.0
2 3 9 1.0 1.0

3 2 9 0.0 0.0
2 3 9 1.0 1.0
3 3 9 0.0 1.0

4 2 9 0.0 0.0
3 2 9 1.0 0.0
3 3 9 1.0 1.0

4 2 9 0.0 0.0
3 3 9 1.0 1.0
4 3 9 0.0 1.0

5 2 9 0.0 0.0
4 2 9 1.0 0.0
4 3 9 1.0 1.0

5 2 9 0.0 0.0
4 3 9 1.0 1.0
5 3 9 0.0 1.0

6 2 9 0.0 0.0
5 2 9 1.0 0.0
5 3 9 1.0 1.0

6 2 9 0.0 0.0
5 3 9 1.0 1.0
6 3 9 0.0 1.0

7 2 9 0.0 0.0
6 2 9 1.0 0.0
6 3 9 1.0 1.0

7 2 9 0.0 0.0
6 3 9 1.0 1.0
7 3 9 0.0 1.0

8 2 9 0.0 0.0
7 2 9 1.0 0.0
7 3 9 1.0 1.0

8 2 9 0.0 0.0
7 3 9 1.0 1.0
8 3 9 0.0 1.0

9 2 9 0.0 0.0
8 2 9 1.0 0.0
8 3 9 1.0 1.0

9 2 9 0.0 0.0
8 3 9 1.0 1.0
9 3 9 0.0 1.0

11 2 9 0.0 0.0
10 2 9 1.0 0.0
10 3 9 1.0 1.0

11 2 9 0.0 0.0
10 3 9 1.0 1.0
11 3 9 0.0 1.0

12 2 9 0.0 0.0
11 2 9 1.0 0.0
11 3 9 1.0 1.0

12 2 9 0.0 0.0
11 3 9 1.0 1.0
12 3 9 0.0 1.0

13 2 9 0.0 0.0
12 2 9 1.0 0.0
12 3 9 1.0 1.0

13 2 9 0.0 0.0
12 3 9 1.0 1.0
13 3 9 0.0 1.0

14 2 9 0.0 0.0
13 2 9 1.0 0.0
13 3 9 1.0 1.0

14 2 9 0.0 0.0
13 3 9 1.0 1.0
14 3 9 0.0 1.0

15 2 9 0.0 0.0
14 2 9 1.0 0.0
14 3 9 1.0 1.0

15 2 9 0.0 0.0
14 3 9 1.0 1.0
15 3 9 0.0 1.0

16 2 9 0.0 0.0
15 2 9 1.0 0.0
15 3 9 1.0 1.0

16 2 9 0.0 0.0
15 3 9 1.0 1.0
16 3 9 0.0 1.0

17 2 9 0.0 0.0
16 2 9 1.0 0.0
16 3 9 1.0 1.0

17 2 9 0.0 0.0
16 3 9 1.0 1.0
17 3 9 0.0 1.0

18 2 9 0.0 0.0
17 2 9 1.0 0.0
17 3 9 1.0 1.0

18 2 9 0.0 0.0
17 3 9 1.0 1.0
18 3 9 0.0 1.0

19 2 9 0.0 0.0
18 2 9 1.0 0.0
18 3 9 1.0 1.0

19 2 9 0.0 0.0
18 3 9 1.0 1.0
19 3 9 0.0 1.0

1 3 1 0.0 0.0
2 3 1 1.0 0.0
2 4 1 1.0 1.0

1 3 1 0.0 0.0
2 4 1 1.0 1.0
1 4 1 0.0 1.0

2 3 1 0.0 0.0
3 3 1 1.0 0.0
3 4 1 1.0 1.0

2 3 1 0.0 0.0
3 4 1 1.0 1.0
2 4 1 0.0 1.0

3 3 1 0.0 0.0
4 3 1 1.0 0.0
4 4 1 1.0 1.0

3 3 1 0.0 0.0
4 4 1 1.0 1.0
3 4 1 0.0 1.0

4 3 1 0.0 0.0
5 3 1 1.0 0.0
5 4 1 1.0 1.0

4 3 1 0.0 0.0
5 4 1 1.0 1.0
4 4 1 0.0 1.0

5 3 1 0.0 0.0
6 3 1 1.0 0.0
6 4 1 1.0 1.0

5 3 1 0.0 0.0
6 4 1 1.0 1.0
5 4 1 0.0 1.0

6 3 1 0.0 0.0
7 3 1 1.0 0.0
7 4 1 1.0 1.0

6 3 1 0.0 0.0
7 4 1 1.0 1.0
6 4 1 0.0 1.0

7 3 1 0.0 0.0
8 3 1 1.0 0.0
8 4 1 1.0 1.0

7 3 1 0.0 0.0
8 4 1 1.0 1.0
7 4 1 0.0 1.0

8 3 1 0.0 0.0
9 3 1 1.0 0.0
9 4 1 1.0 1.0

8 3 1 0.0 0.0
9 4 1 1.0 1.0
8 4 1 0.0 1.0

9 3 1 0.0 0.0
10 3 1 1.0 0.0
10 4 1 1.0 1.0

9 3 1 0.0 0.0
10 4 1 1.0 1.0
9 4 1 0.0 1.0

10 3 1 0.0 0.0
11 3 1 1.0 0.0
11 4 1 1.0 1.0

10 3 1 0.0 0.0
11 4 1 1.0 1.0
10 4 1 0.0 1.0

11 3 1 0.0 0.0
12 3 1 1.0 0.0
12 4 1 1.0 1.0

11 3 1 0.0 0.0
12 4 1 1.0 1.0
11 4 1 0.0 1.0

12 3 1 0.0 0.0
13 3 1 1.0 0.0
13 4 1 1.0 1.0

12 3 1 0.0 0.0
13 4 1 1.0 1.0
12 4 1 0.0 1.0

13 3 1 0.0 0.0
14 3 1 1.0 0.0
14 4 1 1.0 1.0

13 3 1 0.0 0.0
14 4 1 1.0 1.0
13 4 1 0.0 1.0

14 3 1 0.0 0.0
15 3 1 1.0 0.0
15 4 1 1.0 1.0

14 3 1 0.0 0.0
15 4 1 1.0 1.0
14 4 1 0.0 1.0

15 3 1 0.0 0.0
16 3 1 1.0 0.0
16 4 1 1.0 1.0

15 3 1 0.0 0.0
16 4 1 1.0 1.0
15 4 1 0.0 1.0

16 3 1 0.0 0.0
17 3 1 1.0 0.0
17 4 1 1.0 1.0

16 3 1 0.0 0.0
17 4 1 1.0 1.0
16 4 1 0.0 1.0

18 3 1 0.0 0.0
19 3 1 1.0 0.0
19 4 1 1.0 1.0

18 3 1 0.0 0.0
19 4 1 1.0 1.0
18 4 1 0.0 1.0

1 3 2 0.0 0.0
1 3 1 1.0 0.0
1 4 1 1.0 1.0

1 3 2 0.0 0.0
1 4 1 1.0 1.0
1 4 2 0.0 1.0

17 3 2 0.0 0.0
17 4 2 0.0 1.0
17 4 1 1.0 1.0

17 3 2 0.0 0.0
17 4 1 1.0 1.0
17 3 1 1.0 0.0

18 3 2 0.0 0.0
18 3 1 1.0 0.0
18 4 1 1.0 1.0

18 3 2 0.0 0.0
18 4 1 1.0 1.0
18 4 2 0.0 1.0

19 3 2 0.0 0.0
19 4 2 0.0 1.0
19 4 1 1.0 1.0

19 3 2 0.0 0.0
19 4 1 1.0 1.0
19 3 1 1.0 0.0

1 3 3 0.0 0.0
1 3 2 1.0 0.0
1 4 2 1.0 1.0

1 3 3 0.0 0.0
1 4 2 1.0 1.0
1 4 3 0.0 1.0

9 3 3 0.0 0.0
9 4 3 0.0 1.0
9 4 2 1.0 1.0

9 3 3 0.0 0.0
9 4 2 1.0 1.0
9 3 2 1.0 0.0

10 3 3 0.0 0.0
10 3 2 1.0 0.0
10 4 2 1.0 1.0

10 3 3 0.0 0.0
10 4 2 1.0 1.0
10 4 3 0.0 1.0

10 3 2 0.0 0.0
9 3 2 1.0 0.0
9 4 2 1.0 1.0

10 3 2 0.0 0.0
9 4 2 1.0 1.0
10 4 2 0.0 1.0

17 3 3 0.0 0.0
17 4 3 0.0 1.0
17 4 2 1.0 1.0

17 3 3 0.0 0.0
17 4 2 1.0 1.0
17 3 2 1.0 0.0

18 3 3 0.0 0.0
18 3 2 1.0 0.0
18 4 2 1.0 1.0

18 3 3 0.0 0.0
18 4 2 1.0 1.0
18 4 3 0.0 1.0

19 3 3 0.0 0.0
19 4 3 0.0 1.0
19 4 2 1.0 1.0

19 3 3 0.0 0.0
19 4 2 1.0 1.0
19 3 2 1.0 0.0

1 3 4 0.0 0.0
1 3 3 1.0 0.0
1 4 3 1.0 1.0

1 3 4 0.0 0.0
1 4 3 1.0 1.0
1 4 4 0.0 1.0

9 3 4 0.0 0.0
9 4 4 0.0 1.0
9 4 3 1.0 1.0

9 3 4 0.0 0.0
9 4 3 1.0 1.0
9 3 3 1.0 0.0

10 3 4 0.0 0.0
10 3 3 1.0 0.0
10 4 3 1.0 1.0

10 3 4 0.0 0.0
10 4 3 1.0 1.0
10 4 4 0.0 1.0

17 3 4 0.0 0.0
17 4 4 0.0 1.0
17 4 3 1.0 1.0

17 3 4 0.0 0.0
17 4 3 1.0 1.0
17 3 3 1.0 0.0

18 3 4 0.0 0.0
18 3 3 1.0 0.0
18 4 3 1.0 1.0

18 3 4 0.0 0.0
18 4 3 1.0 1.0
18 4 4 0.0 1.0

19 3 4 0.0 0.0
19 4 4 0.0 1.0
19 4 3 1.0 1.0

19 3 4 0.0 0.0
19 4 3 1.0 1.0
19 3 3 1.0 0.0

1 3 5 0.0 0.0
1 3 4 1.0 0.0
1 4 4 1.0 1.0

1 3 5 0.0 0.0
1 4 4 1.0 1.0
1 4 5 0.0 1.0

0 3 5 0.0 1.0
0 3 4 0.0 0.0
1 3 4 1.0 0.0

0 3 5 0.0 1.0
1 3 4 1.0 0.0
1 3 5 1.0 1.0

9 3 5 0.0 0.0
9 4 5 0.0 1.0
9 4 4 1.0 1.0

9 3 5 0.0 0.0
9 4 4 1.0 1.0
9 3 4 1.0 0.0

10 3 5 0.0 0.0
10 3 4 1.0 0.0
10 4 4 1.0 1.0

10 3 5 0.0 0.0
10 4 4 1.0 1.0
10 4 5 0.0 1.0

17 3 5 0.0 0.0
17 4 5 0.0 1.0
17 4 4 1.0 1.0

17 3 5 0.0 0.0
17 4 4 1.0 1.0
17 3 4 1.0 0.0

18 3 5 0.0 0.0
18 3 4 1.0 0.0
18 4 4 1.0 1.0

18 3 5 0.0 0.0
18 4 4 1.0 1.0
18 4 5 0.0 1.0

19 3 5 0.0 0.0
19 4 5 0.0 1.0
19 4 4 1.0 1.0

19 3 5 0.0 0.0
19 4 4 1.0 1.0
19 3 4 1.0 0.0

1 3 6 0.0 0.0
1 3 5 1.0 0.0
1 4 5 1.0 1.0

1 3 6 0.0 0.0
1 4 5 1.0 1.0
1 4 6 0.0 1.0

0 3 6 0.0 1.0
0 3 5 0.0 0.0
1 3 5 1.0 0.0

0 3 6 0.0 1.0
1 3 5 1.0 0.0
1 3 6 1.0 1.0

9 3 6 0.0 0.0
9 4 6 0.0 1.0
9 4 5 1.0 1.0

9 3 6 0.0 0.0
9 4 5 1.0 1.0
9 3 5 1.0 0.0

11 3 5 0.0 0.0
10 3 5 1.0 0.0
10 4 5 1.0 1.0

11 3 5 0.0 0.0
10 4 5 1.0 1.0
11 4 5 0.0 1.0

10 3 6 0.0 0.0
11 3 6 1.0 0.0
11 4 6 1.0 1.0

10 3 6 0.0 0.0
11 4 6 1.0 1.0
10 4 6 0.0 1.0

12 3 5 0.0 0.0
11 3 5 1.0 0.0
11 4 5 1.0 1.0

12 3 5 0.0 0.0
11 4 5 1.0 1.0
12 4 5 0.0 1.0

11 3 6 0.0 0.0
12 3 6 1.0 0.0
12 4 6 1.0 1.0

11 3 6 0.0 0.0
12 4 6 1.0 1.0
11 4 6 0.0 1.0

13 3 5 0.0 0.0
12 3 5 1.0 0.0
12 4 5 1.0 1.0

13 3 5 0.0 0.0
12 4 5 1.0 1.0
13 4 5 0.0 1.0

12 3 6 0.0 0.0
13 3 6 1.0 0.0
13 4 6 1.0 1.0

12 3 6 0.0 0.0
13 4 6 1.0 1.0
12 4 6 0.0 1.0

14 3 5 0.0 0.0
13 3 5 1.0 0.0
13 4 5 1.0 1.0

14 3 5 0.0 0.0
13 4 5 1.0 1.0
14 4 5 0.0 1.0

13 3 6 0.0 0.0
14 3 6 1.0 0.0
14 4 6 1.0 1.0

13 3 6 0.0 0.0
14 4 6 1.0 1.0
13 4 6 0.0 1.0

15 3 6 0.0 0.0
15 3 5 1.0 0.0
15 4 5 1.0 1.0

15 3 6 0.0 0.0
15 4 5 1.0 1.0
15 4 6 0.0 1.0

15 3 5 0.0 0.0
14 3 5 1.0 0.0
14 4 5 1.0 1.0

15 3 5 0.0 0.0
14 4 5 1.0 1.0
15 4 5 0.0 1.0

14 3 6 0.0 0.0
15 3 6 1.0 0.0
15 4 6 1.0 1.0

14 3 6 0.0 0.0
15 4 6 1.0 1.0
14 4 6 0.0 1.0

17 3 6 0.0 0.0
17 4 6 0.0 1.0
17 4 5 1.0 1.0

17 3 6 0.0 0.0
17 4 5 1.0 1.0
17 3 5 1.0 0.0

18 3 6 0.0 0.0
18 3 5 1.0 0.0
18 4 5 1.0 1.0

18 3 6 0.0 0.0
18 4 5 1.0 1.0
18 4 6 0.0 1.0

19 3 6 0.0 0.0
19 4 6 0.0 1.0
19 4 5 1.0 1.0

19 3 6 0.0 0.0
19 4 5 1.0 1.0
19 3 5 1.0 0.0

1 3 7 0.0 0.0
1 3 6 1.0 0.0
1 4 6 1.0 1.0

1 3 7 0.0 0.0
1 4 6 1.0 1.0
1 4 7 0.0 1.0

9 3 7 0.0 0.0
9 4 7 0.0 1.0
9 4 6 1.0 1.0

9 3 7 0.0 0.0
9 4 6 1.0 1.0
9 3 6 1.0 0.0

10 3 7 0.0 0.0
10 3 6 1.0 0.0
10 4 6 1.0 1.0

10 3 7 0.0 0.0
10 4 6 1.0 1.0
10 4 7 0.0 1.0

17 3 7 0.0 0.0
17 4 7 0.0 1.0
17 4 6 1.0 1.0

17 3 7 0.0 0.0
17 4 6 1.0 1.0
17 3 6 1.0 0.0

18 3 7 0.0 0.0
18 3 6 1.0 0.0
18 4 6 1.0 1.0

18 3 7 0.0 0.0
18 4 6 1.0 1.0
18 4 7 0.0 1.0

19 3 7 0.0 0.0
19 4 7 0.0 1.0
19 4 6 1.0 1.0

19 3 7 0.0 0.0
19 4 6 1.0 1.0
19 3 6 1.0 0.0

1 3 8 0.0 0.0
1 3 7 1.0 0.0
1 4 7 1.0 1.0

1 3 8 0.0 0.0
1 4 7 1.0 1.0
1 4 8 0.0 1.0

9 3 8 0.0 0.0
9 4 8 0.0 1.0
9 4 7 1.0 1.0

9 3 8 0.0 0.0
9 4 7 1.0 1.0
9 3 7 1.0 0.0

10 3 8 0.0 0.0
10 3 7 1.0 0.0
10 4 7 1.0 1.0

10 3 8 0.0 0.0
10 4 7 1.0 1.0
10 4 8 0.0 1.0

12 3 8 0.0 0.0
12 4 8 0.0 1.0
12 4 7 1.0 1.0

12 3 8 0.0 0.0
12 4 7 1.0 1.0
12 3 7 1.0 0.0

13 3 7 0.0 0.0
12 3 7 1.0 0.0
12 4 7 1.0 1.0

13 3 7 0.0 0.0
12 4 7 1.0 1.0
13 4 7 0.0 1.0

12 3 8 0.0 0.0
13 3 8 1.0 0.0
13 4 8 1.0 1.0

12 3 8 0.0 0.0
13 4 8 1.0 1.0
12 4 8 0.0 1.0

14 3 7 0.0 0.0
13 3 7 1.0 0.0
13 4 7 1.0 1.0

14 3 7 0.0 0.0
13 4 7 1.0 1.0
14 4 7 0.0 1.0

13 3 8 0.0 0.0
14 3 8 1.0 0.0
14 4 8 1.0 1.0

13 3 8 0.0 0.0
14 4 8 1.0 1.0
13 4 8 0.0 1.0

15 3 7 0.0 0.0
14 3 7 1.0 0.0
14 4 7 1.0 1.0

15 3 7 0.0 0.0
14 4 7 1.0 1.0
15 4 7 0.0 1.0

14 3 8 0.0 0.0
15 3 8 1.0 0.0
15 4 8 1.0 1.0

14 3 8 0.0 0.0
15 4 8 1.0 1.0
14 4 8 0.0 1.0

16 3 7 0.0 0.0
15 3 7 1.0 0.0
15 4 7 1.0 1.0

16 3 7 0.0 0.0
15 4 7 1.0 1.0
16 4 7 0.0 1.0

15 3 8 0.0 0.0
16 3 8 1.0 0.0
16 4 8 1.0 1.0

15 3 8 0.0 0.0
16 4 8 1.0 1.0
15 4 8 0.0 1.0

17 3 7 0.0 0.0
16 3 7 1.0 0.0
16 4 7 1.0 1.0

17 3 7 0.0 0.0
16 4 7 1.0 1.0
17 4 7 0.0 1.0

16 3 8 0.0 0.0
17 3 8 1.0 0.0
17 4 8 1.0 1.0

16 3 8 0.0 0.0
17 4 8 1.0 1.0
16 4 8 0.0 1.0

18 3 8 0.0 0.0
18 3 7 1.0 0.0
18 4 7 1.0 1.0

18 3 8 0.0 0.0
18 4 7 1.0 1.0
18 4 8 0.0 1.0

17 3 8 0.0 0.0
18 3 8 1.0 0.0
18 4 8 1.0 1.0

17 3 8 0.0 0.0
18 4 8 1.0 1.0
17 4 8 0.0 1.0

19 3 8 0.0 0.0
19 4 8 0.0 1.0
19 4 7 1.0 1.0

19 3 8 0.0 0.0
19 4 7 1.0 1.0
19 3 7 1.0 0.0

1 3 9 0.0 0.0
1 3 8 1.0 0.0
1 4 8 1.0 1.0

1 3 9 0.0 0.0
1 4 8 1.0 1.0
1 4 9 0.0 1.0

9 3 9 0.0 0.0
9 4 9 0.0 1.0
9 4 8 1.0 1.0

9 3 9 0.0 0.0
9 4 8 1.0 1.0
9 3 8 1.0 0.0

10 3 9 0.0 0.0
10 3 8 1.0 0.0
10 4 8 1.0 1.0

10 3 9 0.0 0.0
10 4 8 1.0 1.0
10 4 9 0.0 1.0

19 3 9 0.0 0.0
19 4 9 0.0 1.0
19 4 8 1.0 1.0

19 3 9 0.0 0.0
19 4 8 1.0 1.0
19 3 8 1.0 0.0

2 3 9 0.0 0.0
1 3 9 1.0 0.0
1 4 9 1.0 1.0

2 3 9 0.0 0.0
1 4 9 1.0 1.0
2 4 9 0.0 1.0

3 3 9 0.0 0.0
2 3 9 1.0 0.0
2 4 9 1.0 1.0

3 3 9 0.0 0.0
2 4 9 1.0 1.0
3 4 9 0.0 1.0

4 3 9 0.0 0.0
3 3 9 1.0 0.0
3 4 9 1.0 1.0

4 3 9 0.0 0.0
3 4 9 1.0 1.0
4 4 9 0.0 1.0

5 3 9 0.0 0.0
4 3 9 1.0 0.0
4 4 9 1.0 1.0

5 3 9 0.0 0.0
4 4 9 1.0 1.0
5 4 9 0.0 1.0

6 3 9 0.0 0.0
5 3 9 1.0 0.0
5 4 9 1.0 1.0

6 3 9 0.0 0.0
5 4 9 1.0 1.0
6 4 9 0.0 1.0

7 3 9 0.0 0.0
6 3 9 1.0 0.0
6 4 9 1.0 1.0

7 3 9 0.0 0.0
6 4 9 1.0 1.0
7 4 9 0.0 1.0

8 3 9 0.0 0.0
7 3 9 1.0 0.0
7 4 9 1.0 1.0

8 3 9 0.0 0.0
7 4 9 1.0 1.0
8 4 9 0.0 1.0

9 3 9 0.0 0.0
8 3 9 1.0 0.0
8 4 9 1.0 1.0

9 3 9 0.0 0.0
8 4 9 1.0 1.0
9 4 9 0.0 1.0

11 3 9 0.0 0.0
10 3 9 1.0 0.0
10 4 9 1.0 1.0

11 3 9 0.0 0.0
10 4 9 1.0 1.0
11 4 9 0.0 1.0

12 3 9 0.0 0.0
11 3 9 1.0 0.0
11 4 9 1.0 1.0

12 3 9 0.0 0.0
11 4 9 1.0 1.0
12 4 9 0.0 1.0

13 3 9 0.0 0.0
12 3 9 1.0 0.0
12 4 9 1.0 1.0

13 3 9 0.0 0.0
12 4 9 1.0 1.0
13 4 9 0.0 1.0

14 3 9 0.0 0.0
13 3 9 1.0 0.0
13 4 9 1.0 1.0

14 3 9 0.0 0.0
13 4 9 1.0 1.0
14 4 9 0.0 1.0

15 3 9 0.0 0.0
14 3 9 1.0 0.0
14 4 9 1.0 1.0

15 3 9 0.0 0.0
14 4 9 1.0 1.0
15 4 9 0.0 1.0

16 3 9 0.0 0.0
15 3 9 1.0 0.0
15 4 9 1.0 1.0

16 3 9 0.0 0.0
15 4 9 1.0 1.0
16 4 9 0.0 1.0

17 3 9 0.0 0.0
16 3 9 1.0 0.0
16 4 9 1.0 1.0

17 3 9 0.0 0.0
16 4 9 1.0 1.0
17 4 9 0.0 1.0

18 3 9 0.0 0.0
17 3 9 1.0 0.0
17 4 9 1.0 1.0

18 3 9 0.0 0.0
17 4 9 1.0 1.0
18 4 9 0.0 1.0

19 3 9 0.0 0.0
18 3 9 1.0 0.0
18 4 9 1.0 1.0

19 3 9 0.0 0.0
18 4 9 1.0 1.0
19 4 9 0.0 1.0

1 4 2 0.0 1.0
1 4 1 0.0 0.0
2 4 1 1.0 0.0

1 4 2 0.0 1.0
2 4 1 1.0 0.0
2 4 2 1.0 1.0

2 4 2 0.0 1.0
2 4 1 0.0 0.0
3 4 1 1.0 0.0

2 4 2 0.0 1.0
3 4 1 1.0 0.0
3 4 2 1.0 1.0

3 4 2 0.0 1.0
3 4 1 0.0 0.0
4 4 1 1.0 0.0

3 4 2 0.0 1.0
4 4 1 1.0 0.0
4 4 2 1.0 1.0

4 4 2 0.0 1.0
4 4 1 0.0 0.0
5 4 1 1.0 0.0

4 4 2 0.0 1.0
5 4 1 1.0 0.0
5 4 2 1.0 1.0

5 4 2 0.0 1.0
5 4 1 0.0 0.0
6 4 1 1.0 0.0

5 4 2 0.0 1.0
6 4 1 1.0 0.0
6 4 2 1.0 1.0

6 4 2 0.0 1.0
6 4 1 0.0 0.0
7 4 1 1.0 0.0

6 4 2 0.0 1.0
7 4 1 1.0 0.0
7 4 2 1.0 1.0

7 4 2 0.0 1.0
7 4 1 0.0 0.0
8 4 1 1.0 0.0

7 4 2 0.0 1.0
8 4 1 1.0 0.0
8 4 2 1.0 1.0

8 4 2 0.0 1.0
8 4 1 0.0 0.0
9 4 1 1.0 0.0

8 4 2 0.0 1.0
9 4 1 1.0 0.0
9 4 2 1.0 1.0

9 4 2 0.0 1.0
9 4 1 0.0 0.0
10 4 1 1.0 0.0

9 4 2 0.0 1.0
10 4 1 1.0 0.0
10 4 2 1.0 1.0

10 4 2 0.0 1.0
10 4 1 0.0 0.0
11 4 1 1.0 0.0

10 4 2 0.0 1.0
11 4 1 1.0 0.0
11 4 2 1.0 1.0

11 4 2 0.0 1.0
11 4 1 0.0 0.0
12 4 1 1.0 0.0

11 4 2 0.0 1.0
12 4 1 1.0 0.0
12 4 2 1.0 1.0

12 4 2 0.0 1.0
12 4 1 0.0 0.0
13 4 1 1.0 0.0

12 4 2 0.0 1.0
13 4 1 1.0 0.0
13 4 2 1.0 1.0

13 4 2 0.0 1.0
13 4 1 0.0 0.0
14 4 1 1.0 0.0

13 4 2 0.0 1.0
14 4 1 1.0 0.0
14 4 2 1.0 1.0

14 4 2 0.0 1.0
14 4 1 0.0 0.0
15 4 1 1.0 0.0

14 4 2 0.0 1.0
15 4 1 1.0 0.0
15 4 2 1.0 1.0

15 4 2 0.0 1.0
15 4 1 0.0 0.0
16 4 1 1.0 0.0

15 4 2 0.0 1.0
16 4 1 1.0 0.0
16 4 2 1.0 1.0

16 4 2 0.0 1.0
16 4 1 0.0 0.0
17 4 1 1.0 0.0

16 4 2 0.0 1.0
17 4 1 1.0 0.0
17 4 2 1.0 1.0

18 4 2 0.0 1.0
18 4 1 0.0 0.0
19 4 1 1.0 0.0

18 4 2 0.0 1.0
19 4 1 1.0 0.0
19 4 2 1.0 1.0

1 4 3 0.0 1.0
1 4 2 0.0 0.0
2 4 2 1.0 0.0

1 4 3 0.0 1.0
2 4 2 1.0 0.0
2 4 3 1.0 1.0

2 4 3 0.0 1.0
2 4 2 0.0 0.0
3 4 2 1.0 0.0

2 4 3 0.0 1.0
3 4 2 1.0 0.0
3 4 3 1.0 1.0

3 4 3 0.0 1.0
3 4 2 0.0 0.0
4 4 2 1.0 0.0

3 4 3 0.0 1.0
4 4 2 1.0 0.0
4 4 3 1.0 1.0

4 4 3 0.0 1.0
4 4 2 0.0 0.0
5 4 2 1.0 0.0

4 4 3 0.0 1.0
5 4 2 1.0 0.0
5 4 3 1.0 1.0

5 4 3 0.0 1.0
5 4 2 0.0 0.0
6 4 2 1.0 0.0

5 4 3 0.0 1.0
6 4 2 1.0 0.0
6 4 3 1.0 1.0

6 4 3 0.0 1.0
6 4 2 0.0 0.0
7 4 2 1.0 0.0

6 4 3 0.0 1.0
7 4 2 1.0 0.0
7 4 3 1.0 1.0

7 4 3 0.0 1.0
7 4 2 0.0 0.0
8 4 2 1.0 0.0

7 4 3 0.0 1.0
8 4 2 1.0 0.0
8 4 3 1.0 1.0

8 4 3 0.0 1.0
8 4 2 0.0 0.0
9 4 2 1.0 0.0

8 4 3 0.0 1.0
9 4 2 1.0 0.0
9 4 3 1.0 1.0

10 4 3 0.0 1.0
10 4 2 0.0 0.0
11 4 2 1.0 0.0

10 4 3 0.0 1.0
11 4 2 1.0 0.0
11 4 3 1.0 1.0

11 4 3 0.0 1.0
11 4 2 0.0 0.0
12 4 2 1.0 0.0

11 4 3 0.0 1.0
12 4 2 1.0 0.0
12 4 3 1.0 1.0

12 4 3 0.0 1.0
12 4 2 0.0 0.0
13 4 2 1.0 0.0

12 4 3 0.0 1.0
13 4 2 1.0 0.0
13 4 3 1.0 1.0

13 4 3 0.0 1.0
13 4 2 0.0 0.0
14 4 2 1.0 0.0

13 4 3 0.0 1.0
14 4 2 1.0 0.0
14 4 3 1.0 1.0

14 4 3 0.0 1.0
14 4 2 0.0 0.0
15 4 2 1.0 0.0

14 4 3 0.0 1.0
15 4 2 1.0 0.0
15 4 3 1.0 1.0

15 4 3 0.0 1.0
15 4 2 0.0 0.0
16 4 2 1.0 0.0

15 4 3 0.0 1.0
16 4 2 1.0 0.0
16 4 3 1.0 1.0

16 4 3 0.0 1.0
16 4 2 0.0 0.0
17 4 2 1.0 0.0

16 4 3 0.0 1.0
17 4 2 1.0 0.0
17 4 3 1.0 1.0

18 4 3 0.0 1.0
18 4 2 0.0 0.0
19 4 2 1.0 0.0

18 4 3 0.0 1.0
19 4 2 1.0 0.0
19 4 3 1.0 1.0

1 4 4 0.0 1.0
1 4 3 0.0 0.0
2 4 3 1.0 0.0

1 4 4 0.0 1.0
2 4 3 1.0 0.0
2 4 4 1.0 1.0

2 4 4 0.0 1.0
2 4 3 0.0 0.0
3 4 3 1.0 0.0

2 4 4 0.0 1.0
3 4 3 1.0 0.0
3 4 4 1.0 1.0

3 4 4 0.0 1.0
3 4 3 0.0 0.0
4 4 3 1.0 0.0

3 4 4 0.0 1.0
4 4 3 1.0 0.0
4 4 4 1.0 1.0

4 4 4 0.0 1.0
4 4 3 0.0 0.0
5 4 3 1.0 0.0

4 4 4 0.0 1.0
5 4 3 1.0 0.0
5 4 4 1.0 1.0

5 4 4 0.0 1.0
5 4 3 0.0 0.0
6 4 3 1.0 0.0

5 4 4 0.0 1.0
6 4 3 1.0 0.0
6 4 4 1.0 1.0

6 4 4 0.0 1.0
6 4 3 0.0 0.0
7 4 3 1.0 0.0

6 4 4 0.0 1.0
7 4 3 1.0 0.0
7 4 4 1.0 1.0

7 4 4 0.0 1.0
7 4 3 0.0 0.0
8 4 3 1.0 0.0

7 4 4 0.0 1.0
8 4 3 1.0 0.0
8 4 4 1.0 1.0

8 4 4 0.0 1.0
8 4 3 0.0 0.0
9 4 3 1.0 0.0

8 4 4 0.0 1.0
9 4 3 1.0 0.0
9 4 4 1.0 1.0

10 4 4 0.0 1.0
10 4 3 0.0 0.0
11 4 3 1.0 0.0

10 4 4 0.0 1.0
11 4 3 1.0 0.0
11 4 4 1.0 1.0

11 4 4 0.0 1.0
11 4 3 0.0 0.0
12 4 3 1.0 0.0

11 4 4 0.0 1.0
12 4 3 1.0 0.0
12 4 4 1.0 1.0

12 4 4 0.0 1.0
12 4 3 0.0 0.0
13 4 3 1.0 0.0

12 4 4 0.0 1.0
13 4 3 1.0 0.0
13 4 4 1.0 1.0

13 4 4 0.0 1.0
13 4 3 0.0 0.0
14 4 3 1.0 0.0

13 4 4 0.0 1.0
14 4 3 1.0 0.0
14 4 4 1.0 1.0

14 4 4 0.0 1.0
14 4 3 0.0 0.0
15 4 3 1.0 0.0

14 4 4 0.0 1.0
15 4 3 1.0 0.0
15 4 4 1.0 1.0

15 4 4 0.0 1.0
15 4 3 0.0 0.0
16 4 3 1.0 0.0

15 4 4 0.0 1.0
16 4 3 1.0 0.0
16 4 4 1.0 1.0

16 4 4 0.0 1.0
16 4 3 0.0 0.0
17 4 3 1.0 0.0

16 4 4 0.0 1.0
17 4 3 1.0 0.0
17 4 4 1.0 1.0

18 4 4 0.0 1.0
18 4 3 0.0 0.0
19 4 3 1.0 0.0

18 4 4 0.0 1.0
19 4 3 1.0 0.0
19 4 4 1.0 1.0

1 4 5 0.0 1.0
1 4 4 0.0 0.0
2 4 4 1.0 0.0

1 4 5 0.0 1.0
2 4 4 1.0 0.0
2 4 5 1.0 1.0

2 4 5 0.0 1.0
2 4 4 0.0 0.0
3 4 4 1.0 0.0

2 4 5 0.0 1.0
3 4 4 1.0 0.0
3 4 5 1.0 1.0

3 4 5 0.0 1.0
3 4 4 0.0 0.0
4 4 4 1.0 0.0

3 4 5 0.0 1.0
4 4 4 1.0 0.0
4 4 5 1.0 1.0

4 4 5 0.0 1.0
4 4 4 0.0 0.0
5 4 4 1.0 0.0

4 4 5 0.0 1.0
5 4 4 1.0 0.0
5 4 5 1.0 1.0

5 4 5 0.0 1.0
5 4 4 0.0 0.0
6 4 4 1.0 0.0

5 4 5 0.0 1.0
6 4 4 1.0 0.0
6 4 5 1.0 1.0

6 4 5 0.0 1.0
6 4 4 0.0 0.0
7 4 4 1.0 0.0

6 4 5 0.0 1.0
7 4 4 1.0 0.0
7 4 5 1.0 1.0

7 4 5 0.0 1.0
7 4 4 0.0 0.0
8 4 4 1.0 0.0

7 4 5 0.0 1.0
8 4 4 1.0 0.0
8 4 5 1.0 1.0

8 4 5 0.0 1.0
8 4 4 0.0 0.0
9 4 4 1.0 0.0

8 4 5 0.0 1.0
9 4 4 1.0 0.0
9 4 5 1.0 1.0

10 4 5 0.0 1.0
10 4 4 0.0 0.0
11 4 4 1.0 0.0

10 4 5 0.0 1.0
11 4 4 1.0 0.0
11 4 5 1.0 1.0

11 4 5 0.0 1.0
11 4 4 0.0 0.0
12 4 4 1.0 0.0

11 4 5 0.0 1.0
12 4 4 1.0 0.0
12 4 5 1.0 1.0

12 4 5 0.0 1.0
12 4 4 0.0 0.0
13 4 4 1.0 0.0

12 4 5 0.0 1.0
13 4 4 1.0 0.0
13 4 5 1.0 1.0

13 4 5 0.0 1.0
13 4 4 0.0 0.0
14 4 4 1.0 0.0

13 4 5 0.0 1.0
14 4 4 1.0 0.0
14 4 5 1.0 1.0

14 4 5 0.0 1.0
14 4 4 0.0 0.0
15 4 4 1.0 0.0

14 4 5 0.0 1.0
15 4 4 1.0 0.0
15 4 5 1.0 1.0

15 4 5 0.0 1.0
15 4 4 0.0 0.0
16 4 4 1.0 0.0

15 4 5 0.0 1.0
16 4 4 1.0 0.0
16 4 5 1.0 1.0

16 4 5 0.0 1.0
16 4 4 0.0 0.0
17 4 4 1.0 0.0

16 4 5 0.0 1.0
17 4 4 1.0 0.0
17 4 5 1.0 1.0

18 4 5 0.0 1.0
18 4 4 0.0 0.0
19 4 4 1.0 0.0

18 4 5 0.0 1.0
19 4 4 1.0 0.0
19 4 5 1.0 1.0

1 4 6 0.0 1.0
1 4 5 0.0 0.0
2 4 5 1.0 0.0

1 4 6 0.0 1.0
2 4 5 1.0 0.0
2 4 6 1.0 1.0

2 4 6 0.0 1.0
2 4 5 0.0 0.0
3 4 5 1.0 0.0

2 4 6 0.0 1.0
3 4 5 1.0 0.0
3 4 6 1.0 1.0

3 4 6 0.0 1.0
3 4 5 0.0 0.0
4 4 5 1.0 0.0

3 4 6 0.0 1.0
4 4 5 1.0 0.0
4 4 6 1.0 1.0

4 4 6 0.0 1.0
4 4 5 0.0 0.0
5 4 5 1.0 0.0

4 4 6 0.0 1.0
5 4 5 1.0 0.0
5 4 6 1.0 1.0

5 4 6 0.0 1.0
5 4 5 0.0 0.0
6 4 5 1.0 0.0

5 4 6 0.0 1.0
6 4 5 1.0 0.0
6 4 6 1.0 1.0

6 4 6 0.0 1.0
6 4 5 0.0 0.0
7 4 5 1.0 0.0

6 4 6 0.0 1.0
7 4 5 1.0 0.0
7 4 6 1.0 1.0

7 4 6 0.0 1.0
7 4 5 0.0 0.0
8 4 5 1.0 0.0

7 4 6 0.0 1.0
8 4 5 1.0 0.0
8 4 6 1.0 1.0

8 4 6 0.0 1.0
8 4 5 0.0 0.0
9 4 5 1.0 0.0

8 4 6 0.0 1.0
9 4 5 1.0 0.0
9 4 6 1.0 1.0

15 4 6 0.0 1.0
15 4 5 0.0 0.0
16 4 5 1.0 0.0

15 4 6 0.0 1.0
16 4 5 1.0 0.0
16 4 6 1.0 1.0

16 4 6 0.0 1.0
16 4 5 0.0 0.0
17 4 5 1.0 0.0

16 4 6 0.0 1.0
17 4 5 1.0 0.0
17 4 6 1.0 1.0

18 4 6 0.0 1.0
18 4 5 0.0 0.0
19 4 5 1.0 0.0

18 4 6 0.0 1.0
19 4 5 1.0 0.0
19 4 6 1.0 1.0

1 4 7 0.0 1.0
1 4 6 0.0 0.0
2 4 6 1.0 0.0

1 4 7 0.0 1.0
2 4 6 1.0 0.0
2 4 7 1.0 1.0

2 4 7 0.0 1.0
2 4 6 0.0 0.0
3 4 6 1.0 0.0

2 4 7 0.0 1.0
3 4 6 1.0 0.0
3 4 7 1.0 1.0

3 4 7 0.0 1.0
3 4 6 0.0 0.0
4 4 6 1.0 0.0

3 4 7 0.0 1.0
4 4 6 1.0 0.0
4 4 7 1.0 1.0

4 4 7 0.0 1.0
4 4 6 0.0 0.0
5 4 6 1.0 0.0

4 4 7 0.0 1.0
5 4 6 1.0 0.0
5 4 7 1.0 1.0

5 4 7 0.0 1.0
5 4 6 0.0 0.0
6 4 6 1.0 0.0

5 4 7 0.0 1.0
6 4 6 1.0 0.0
6 4 7 1.0 1.0

6 4 7 0.0 1.0
6 4 6 0.0 0.0
7 4 6 1.0 0.0

6 4 7 0.0 1.0
7 4 6 1.0 0.0
7 4 7 1.0 1.0

7 4 7 0.0 1.0
7 4 6 0.0 0.0
8 4 6 1.0 0.0

7 4 7 0.0 1.0
8 4 6 1.0 0.0
8 4 7 1.0 1.0

8 4 7 0.0 1.0
8 4 6 0.0 0.0
9 4 6 1.0 0.0

8 4 7 0.0 1.0
9 4 6 1.0 0.0
9 4 7 1.0 1.0

10 4 7 0.0 1.0
10 4 6 0.0 0.0
11 4 6 1.0 0.0

10 4 7 0.0 1.0
11 4 6 1.0 0.0
11 4 7 1.0 1.0

11 4 7 0.0 1.0
11 4 6 0.0 0.0
12 4 6 1.0 0.0

11 4 7 0.0 1.0
12 4 6 1.0 0.0
12 4 7 1.0 1.0

12 4 7 0.0 1.0
12 4 6 0.0 0.0
13 4 6 1.0 0.0

12 4 7 0.0 1.0
13 4 6 1.0 0.0
13 4 7 1.0 1.0

13 4 7 0.0 1.0
13 4 6 0.0 0.0
14 4 6 1.0 0.0

13 4 7 0.0 1.0
14 4 6 1.0 0.0
14 4 7 1.0 1.0

14 4 7 0.0 1.0
14 4 6 0.0 0.0
15 4 6 1.0 0.0

14 4 7 0.0 1.0
15 4 6 1.0 0.0
15 4 7 1.0 1.0

15 4 7 0.0 1.0
15 4 6 0.0 0.0
16 4 6 1.0 0.0

15 4 7 0.0 1.0
16 4 6 1.0 0.0
16 4 7 1.0 1.0

16 4 7 0.0 1.0
16 4 6 0.0 0.0
17 4 6 1.0 0.0

16 4 7 0.0 1.0
17 4 6 1.0 0.0
17 4 7 1.0 1.0

18 4 7 0.0 1.0
18 4 6 0.0 0.0
19 4 6 1.0 0.0

18 4 7 0.0 1.0
19 4 6 1.0 0.0
19 4 7 1.0 1.0

1 4 8 0.0 1.0
1 4 7 0.0 0.0
2 4 7 1.0 0.0

1 4 8 0.0 1.0
2 4 7 1.0 0.0
2 4 8 1.0 1.0

2 4 8 0.0 1.0
2 4 7 0.0 0.0
3 4 7 1.0 0.0

2 4 8 0.0 1.0
3 4 7 1.0 0.0
3 4 8 1.0 1.0

3 4 8 0.0 1.0
3 4 7 0.0 0.0
4 4 7 1.0 0.0

3 4 8 0.0 1.0
4 4 7 1.0 0.0
4 4 8 1.0 1.0

4 4 8 0.0 1.0
4 4 7 0.0 0.0
5 4 7 1.0 0.0

4 4 8 0.0 1.0
5 4 7 1.0 0.0
5 4 8 1.0 1.0

5 4 8 0.0 1.0
5 4 7 0.0 0.0
6 4 7 1.0 0.0

5 4 8 0.0 1.0
6 4 7 1.0 0.0
6 4 8 1.0 1.0

6 4 8 0.0 1.0
6 4 7 0.0 0.0
7 4 7 1.0 0.0

6 4 8 0.0 1.0
7 4 7 1.0 0.0
7 4 8 1.0 1.0

7 4 8 0.0 1.0
7 4 7 0.0 0.0
8 4 7 1.0 0.0

7 4 8 0.0 1.0
8 4 7 1.0 0.0
8 4 8 1.0 1.0

8 4 8 0.0 1.0
8 4 7 0.0 0.0
9 4 7 1.0 0.0

8 4 8 0.0 1.0
9 4 7 1.0 0.0
9 4 8 1.0 1.0

10 4 8 0.0 1.0
10 4 7 0.0 0.0
11 4 7 1.0 0.0

10 4 8 0.0 1.0
11 4 7 1.0 0.0
11 4 8 1.0 1.0

11 4 8 0.0 1.0
11 4 7 0.0 0.0
12 4 7 1.0 0.0

11 4 8 0.0 1.0
12 4 7 1.0 0.0
12 4 8 1.0 1.0

18 4 8 0.0 1.0
18 4 7 0.0 0.0
19 4 7 1.0 0.0

18 4 8 0.0 1.0
19 4 7 1.0 0.0
19 4 8 1.0 1.0

1 4 9 0.0 1.0
1 4 8 0.0 0.0
2 4 8 1.0 0.0

1 4 9 0.0 1.0
2 4 8 1.0 0.0
2 4 9 1.0 1.0

2 4 9 0.0 1.0
2 4 8 0.0 0.0
3 4 8 1.0 0.0

2 4 9 0.0 1.0
3 4 8 1.0 0.0
3 4 9 1.0 1.0

3 4 9 0.0 1.0
3 4 8 0.0 0.0
4 4 8 1.0 0.0

3 4 9 0.0 1.0
4 4 8 1.0 0.0
4 4 9 1.0 1.0

4 4 9 0.0 1.0
4 4 8 0.0 0.0
5 4 8 1.0 0.0

4 4 9 0.0 1.0
5 4 8 1.0 0.0
5 4 9 1.0 1.0

5 4 9 0.0 1.0
5 4 8 0.0 0.0
6 4 8 1.0 0.0

5 4 9 0.0 1.0
6 4 8 1.0 0.0
6 4 9 1.0 1.0

6 4 9 0.0 1.0
6 4 8 0.0 0.0
7 4 8 1.0 0.0

6 4 9 0.0 1.0
7 4 8 1.0 0.0
7 4 9 1.0 1.0

7 4 9 0.0 1.0
7 4 8 0.0 0.0
8 4 8 1.0 0.0

7 4 9 0.0 1.0
8 4 8 1.0 0.0
8 4 9 1.0 1.0

8 4 9 0.0 1.0
8 4 8 0.0 0.0
9 4 8 1.0 0.0

8 4 9 0.0 1.0
9 4 8 1.0 0.0
9 4 9 1.0 1.0

10 4 9 0.0 1.0
10 4 8 0.0 0.0
11 4 8 1.0 0.0

10 4 9 0.0 1.0
11 4 8 1.0 0.0
11 4 9 1.0 1.0

11 4 9 0.0 1.0
11 4 8 0.0 0.0
12 4 8 1.0 0.0

11 4 9 0.0 1.0
12 4 8 1.0 0.0
12 4 9 1.0 1.0

12 4 9 0.0 1.0
12 4 8 0.0 0.0
13 4 8 1.0 0.0

12 4 9 0.0 1.0
13 4 8 1.0 0.0
13 4 9 1.0 1.0

13 4 9 0.0 1.0
13 4 8 0.0 0.0
14 4 8 1.0 0.0

13 4 9 0.0 1.0
14 4 8 1.0 0.0
14 4 9 1.0 1.0

14 4 9 0.0 1.0
14 4 8 0.0 0.0
15 4 8 1.0 0.0

14 4 9 0.0 1.0
15 4 8 1.0 0.0
15 4 9 1.0 1.0

15 4 9 0.0 1.0
15 4 8 0.0 0.0
16 4 8 1.0 0.0

15 4 9 0.0 1.0
16 4 8 1.0 0.0
16 4 9 1.0 1.0

16 4 9 0.0 1.0
16 4 8 0.0 0.0
17 4 8 1.0 0.0

16 4 9 0.0 1.0
17 4 8 1.0 0.0
17 4 9 1.0 1.0

17 4 9 0.0 1.0
17 4 8 0.0 0.0
18 4 8 1.0 0.0

17 4 9 0.0 1.0
18 4 8 1.0 0.0
18 4 9 1.0 1.0

18 4 9 0.0 1.0
18 4 8 0.0 0.0
19 4 8 1.0 0.0

18 4 9 0.0 1.0
19 4 8 1.0 0.0
19 4 9 1.0 1.0

